{
  "field" : "golden",
  "symmetry" : "icosahedral",
  "orientations" : [ [ 1.0, 0.0, 0.0, 0.0, 0.0, 1.0, 0.0, 0.0, 0.0, 0.0, 1.0, 0.0, 0.0, 0.0, 0.0, 1.0 ], [ 0.0, 0.0, 1.0, 0.0, 1.0, 0.0, 0.0, 0.0, 0.0, 1.0, 0.0, 0.0, 0.0, 0.0, 0.0, 1.0 ], [ 0.0, 1.0, 0.0, 0.0, 0.0, 0.0, 1.0, 0.0, 1.0, 0.0, 0.0, 0.0, 0.0, 0.0, 0.0, 1.0 ], [ 0.809017, 0.309017, 0.5, 0.0, 0.309017, 0.5, -0.809017, 0.0, -0.5, 0.809017, 0.309017, 0.0, 0.0, 0.0, 0.0, 1.0 ], [ -0.5, 0.809017, 0.309017, 0.0, 0.809017, 0.309017, 0.5, 0.0, 0.309017, 0.5, -0.809017, 0.0, 0.0, 0.0, 0.0, 1.0 ], [ 0.309017, 0.5, -0.809017, 0.0, -0.5, 0.809017, 0.309017, 0.0, 0.809017, 0.309017, 0.5, 0.0, 0.0, 0.0, 0.0, 1.0 ], [ 0.5, 0.809017, 0.309017, 0.0, 0.809017, -0.309017, -0.5, 0.0, -0.309017, 0.5, -0.809017, 0.0, 0.0, 0.0, 0.0, 1.0 ], [ -0.309017, 0.5, -0.809017, 0.0, 0.5, 0.809017, 0.309017, 0.0, 0.809017, -0.309017, -0.5, 0.0, 0.0, 0.0, 0.0, 1.0 ], [ 0.809017, -0.309017, -0.5, 0.0, -0.309017, 0.5, -0.809017, 0.0, 0.5, 0.809017, 0.309017, 0.0, 0.0, 0.0, 0.0, 1.0 ], [ 0.5, 0.809017, -0.309017, 0.0, 0.809017, -0.309017, 0.5, 0.0, 0.309017, -0.5, -0.809017, 0.0, 0.0, 0.0, 0.0, 1.0 ], [ 0.309017, -0.5, -0.809017, 0.0, 0.5, 0.809017, -0.309017, 0.0, 0.809017, -0.309017, 0.5, 0.0, 0.0, 0.0, 0.0, 1.0 ], [ 0.809017, -0.309017, 0.5, 0.0, 0.309017, -0.5, -0.809017, 0.0, 0.5, 0.809017, -0.309017, 0.0, 0.0, 0.0, 0.0, 1.0 ], [ 0.809017, 0.309017, -0.5, 0.0, 0.309017, 0.5, 0.809017, 0.0, 0.5, -0.809017, 0.309017, 0.0, 0.0, 0.0, 0.0, 1.0 ], [ 0.5, -0.809017, 0.309017, 0.0, 0.809017, 0.309017, -0.5, 0.0, 0.309017, 0.5, 0.809017, 0.0, 0.0, 0.0, 0.0, 1.0 ], [ 0.309017, 0.5, 0.809017, 0.0, 0.5, -0.809017, 0.309017, 0.0, 0.809017, 0.309017, -0.5, 0.0, 0.0, 0.0, 0.0, 1.0 ], [ 1.0, 0.0, 0.0, 0.0, 0.0, -1.0, 0.0, 0.0, 0.0, 0.0, -1.0, 0.0, 0.0, 0.0, 0.0, 1.0 ], [ 0.0, 0.0, 1.0, 0.0, -1.0, 0.0, 0.0, 0.0, 0.0, -1.0, 0.0, 0.0, 0.0, 0.0, 0.0, 1.0 ], [ 0.0, 1.0, 0.0, 0.0, 0.0, 0.0, -1.0, 0.0, -1.0, 0.0, 0.0, 0.0, 0.0, 0.0, 0.0, 1.0 ], [ 0.809017, 0.309017, 0.5, 0.0, -0.309017, -0.5, 0.809017, 0.0, 0.5, -0.809017, -0.309017, 0.0, 0.0, 0.0, 0.0, 1.0 ], [ -0.5, 0.809017, 0.309017, 0.0, -0.809017, -0.309017, -0.5, 0.0, -0.309017, -0.5, 0.809017, 0.0, 0.0, 0.0, 0.0, 1.0 ], [ 0.309017, 0.5, -0.809017, 0.0, 0.5, -0.809017, -0.309017, 0.0, -0.809017, -0.309017, -0.5, 0.0, 0.0, 0.0, 0.0, 1.0 ], [ 0.5, 0.809017, 0.309017, 0.0, -0.809017, 0.309017, 0.5, 0.0, 0.309017, -0.5, 0.809017, 0.0, 0.0, 0.0, 0.0, 1.0 ], [ -0.309017, 0.5, -0.809017, 0.0, -0.5, -0.809017, -0.309017, 0.0, -0.809017, 0.309017, 0.5, 0.0, 0.0, 0.0, 0.0, 1.0 ], [ 0.809017, -0.309017, -0.5, 0.0, 0.309017, -0.5, 0.809017, 0.0, -0.5, -0.809017, -0.309017, 0.0, 0.0, 0.0, 0.0, 1.0 ], [ 0.5, 0.809017, -0.309017, 0.0, -0.809017, 0.309017, -0.5, 0.0, -0.309017, 0.5, 0.809017, 0.0, 0.0, 0.0, 0.0, 1.0 ], [ 0.309017, -0.5, -0.809017, 0.0, -0.5, -0.809017, 0.309017, 0.0, -0.809017, 0.309017, -0.5, 0.0, 0.0, 0.0, 0.0, 1.0 ], [ 0.809017, -0.309017, 0.5, 0.0, -0.309017, 0.5, 0.809017, 0.0, -0.5, -0.809017, 0.309017, 0.0, 0.0, 0.0, 0.0, 1.0 ], [ 0.809017, 0.309017, -0.5, 0.0, -0.309017, -0.5, -0.809017, 0.0, -0.5, 0.809017, -0.309017, 0.0, 0.0, 0.0, 0.0, 1.0 ], [ 0.5, -0.809017, 0.309017, 0.0, -0.809017, -0.309017, 0.5, 0.0, -0.309017, -0.5, -0.809017, 0.0, 0.0, 0.0, 0.0, 1.0 ], [ 0.309017, 0.5, 0.809017, 0.0, -0.5, 0.809017, -0.309017, 0.0, -0.809017, -0.309017, 0.5, 0.0, 0.0, 0.0, 0.0, 1.0 ], [ -1.0, 0.0, 0.0, 0.0, 0.0, -1.0, 0.0, 0.0, 0.0, 0.0, 1.0, 0.0, 0.0, 0.0, 0.0, 1.0 ], [ 0.0, 0.0, -1.0, 0.0, -1.0, 0.0, 0.0, 0.0, 0.0, 1.0, 0.0, 0.0, 0.0, 0.0, 0.0, 1.0 ], [ 0.0, -1.0, 0.0, 0.0, 0.0, 0.0, -1.0, 0.0, 1.0, 0.0, 0.0, 0.0, 0.0, 0.0, 0.0, 1.0 ], [ -0.809017, -0.309017, -0.5, 0.0, -0.309017, -0.5, 0.809017, 0.0, -0.5, 0.809017, 0.309017, 0.0, 0.0, 0.0, 0.0, 1.0 ], [ 0.5, -0.809017, -0.309017, 0.0, -0.809017, -0.309017, -0.5, 0.0, 0.309017, 0.5, -0.809017, 0.0, 0.0, 0.0, 0.0, 1.0 ], [ -0.309017, -0.5, 0.809017, 0.0, 0.5, -0.809017, -0.309017, 0.0, 0.809017, 0.309017, 0.5, 0.0, 0.0, 0.0, 0.0, 1.0 ], [ -0.5, -0.809017, -0.309017, 0.0, -0.809017, 0.309017, 0.5, 0.0, -0.309017, 0.5, -0.809017, 0.0, 0.0, 0.0, 0.0, 1.0 ], [ 0.309017, -0.5, 0.809017, 0.0, -0.5, -0.809017, -0.309017, 0.0, 0.809017, -0.309017, -0.5, 0.0, 0.0, 0.0, 0.0, 1.0 ], [ -0.809017, 0.309017, 0.5, 0.0, 0.309017, -0.5, 0.809017, 0.0, 0.5, 0.809017, 0.309017, 0.0, 0.0, 0.0, 0.0, 1.0 ], [ -0.5, -0.809017, 0.309017, 0.0, -0.809017, 0.309017, -0.5, 0.0, 0.309017, -0.5, -0.809017, 0.0, 0.0, 0.0, 0.0, 1.0 ], [ -0.309017, 0.5, 0.809017, 0.0, -0.5, -0.809017, 0.309017, 0.0, 0.809017, -0.309017, 0.5, 0.0, 0.0, 0.0, 0.0, 1.0 ], [ -0.809017, 0.309017, -0.5, 0.0, -0.309017, 0.5, 0.809017, 0.0, 0.5, 0.809017, -0.309017, 0.0, 0.0, 0.0, 0.0, 1.0 ], [ -0.809017, -0.309017, 0.5, 0.0, -0.309017, -0.5, -0.809017, 0.0, 0.5, -0.809017, 0.309017, 0.0, 0.0, 0.0, 0.0, 1.0 ], [ -0.5, 0.809017, -0.309017, 0.0, -0.809017, -0.309017, 0.5, 0.0, 0.309017, 0.5, 0.809017, 0.0, 0.0, 0.0, 0.0, 1.0 ], [ -0.309017, -0.5, -0.809017, 0.0, -0.5, 0.809017, -0.309017, 0.0, 0.809017, 0.309017, -0.5, 0.0, 0.0, 0.0, 0.0, 1.0 ], [ -1.0, 0.0, 0.0, 0.0, 0.0, 1.0, 0.0, 0.0, 0.0, 0.0, -1.0, 0.0, 0.0, 0.0, 0.0, 1.0 ], [ 0.0, 0.0, -1.0, 0.0, 1.0, 0.0, 0.0, 0.0, 0.0, -1.0, 0.0, 0.0, 0.0, 0.0, 0.0, 1.0 ], [ 0.0, -1.0, 0.0, 0.0, 0.0, 0.0, 1.0, 0.0, -1.0, 0.0, 0.0, 0.0, 0.0, 0.0, 0.0, 1.0 ], [ -0.809017, -0.309017, -0.5, 0.0, 0.309017, 0.5, -0.809017, 0.0, 0.5, -0.809017, -0.309017, 0.0, 0.0, 0.0, 0.0, 1.0 ], [ 0.5, -0.809017, -0.309017, 0.0, 0.809017, 0.309017, 0.5, 0.0, -0.309017, -0.5, 0.809017, 0.0, 0.0, 0.0, 0.0, 1.0 ], [ -0.309017, -0.5, 0.809017, 0.0, -0.5, 0.809017, 0.309017, 0.0, -0.809017, -0.309017, -0.5, 0.0, 0.0, 0.0, 0.0, 1.0 ], [ -0.5, -0.809017, -0.309017, 0.0, 0.809017, -0.309017, -0.5, 0.0, 0.309017, -0.5, 0.809017, 0.0, 0.0, 0.0, 0.0, 1.0 ], [ 0.309017, -0.5, 0.809017, 0.0, 0.5, 0.809017, 0.309017, 0.0, -0.809017, 0.309017, 0.5, 0.0, 0.0, 0.0, 0.0, 1.0 ], [ -0.809017, 0.309017, 0.5, 0.0, -0.309017, 0.5, -0.809017, 0.0, -0.5, -0.809017, -0.309017, 0.0, 0.0, 0.0, 0.0, 1.0 ], [ -0.5, -0.809017, 0.309017, 0.0, 0.809017, -0.309017, 0.5, 0.0, -0.309017, 0.5, 0.809017, 0.0, 0.0, 0.0, 0.0, 1.0 ], [ -0.309017, 0.5, 0.809017, 0.0, 0.5, 0.809017, -0.309017, 0.0, -0.809017, 0.309017, -0.5, 0.0, 0.0, 0.0, 0.0, 1.0 ], [ -0.809017, 0.309017, -0.5, 0.0, 0.309017, -0.5, -0.809017, 0.0, -0.5, -0.809017, 0.309017, 0.0, 0.0, 0.0, 0.0, 1.0 ], [ -0.809017, -0.309017, 0.5, 0.0, 0.309017, 0.5, 0.809017, 0.0, -0.5, 0.809017, -0.309017, 0.0, 0.0, 0.0, 0.0, 1.0 ], [ -0.5, 0.809017, -0.309017, 0.0, 0.809017, 0.309017, -0.5, 0.0, -0.309017, -0.5, -0.809017, 0.0, 0.0, 0.0, 0.0, 1.0 ], [ -0.309017, -0.5, -0.809017, 0.0, 0.5, -0.809017, 0.309017, 0.0, -0.809017, -0.309017, 0.5, 0.0, 0.0, 0.0, 0.0, 1.0 ] ],
  "lights" : {
    "ambientColor" : "#292929",
    "backgroundColor" : "#AFC8DC",
    "directionalLights" : [ {
      "direction" : {
        "x" : 1.0,
        "y" : -1.0,
        "z" : -1.0
      },
      "color" : "#EBEBE4"
    }, {
      "direction" : {
        "x" : -1.0,
        "y" : 0.0,
        "z" : 0.0
      },
      "color" : "#E4E4EB"
    }, {
      "direction" : {
        "x" : 0.0,
        "y" : 0.0,
        "z" : -1.0
      },
      "color" : "#1E1E1E"
    } ]
  },
  "camera" : {
    "width" : 75.97247,
    "stereo" : false,
    "perspective" : true,
    "lookDirection" : {
      "x" : -0.058536083,
      "y" : -0.993308,
      "z" : -0.09955545
    },
    "upDirection" : {
      "x" : 0.5822876,
      "y" : -0.114980064,
      "z" : 0.8048099
    },
    "lookAtPoint" : {
      "x" : 0.0,
      "y" : 0.0,
      "z" : 0.0
    },
    "viewDistance" : 168.82784,
    "nearClipDistance" : 0.42206928,
    "farClipDistance" : 337.65555,
    "fieldOfView" : 0.4426286,
    "position" : {
      "x" : 9.88252,
      "y" : 167.69804,
      "z" : 16.807732
    }
  },
  "embedding" : [ 1.0, 0.0, 0.0, 0.0, 0.0, 1.0, 0.0, 0.0, 0.0, 0.0, 1.0, 0.0, 0.0, 0.0, 0.0, 1.0 ],
  "shapes" : [ {
    "id" : "7b4018da-ef9d-4ff7-91b4-3f43ba4618f2",
    "vertices" : [ {
      "x" : 0.309017,
      "y" : -0.809017,
      "z" : 0.618034
    }, {
      "x" : 0.809017,
      "y" : -0.618034,
      "z" : 0.309017
    }, {
      "x" : 0.618034,
      "y" : -0.309017,
      "z" : 0.809017
    }, {
      "x" : 1.0,
      "y" : 0.309017,
      "z" : 0.19098301
    }, {
      "x" : 0.809017,
      "y" : 0.618034,
      "z" : 0.309017
    }, {
      "x" : 0.618034,
      "y" : 0.309017,
      "z" : 0.809017
    }, {
      "x" : 0.809017,
      "y" : 0.0,
      "z" : 0.690983
    }, {
      "x" : 0.19098301,
      "y" : -1.0,
      "z" : 0.309017
    }, {
      "x" : -0.19098301,
      "y" : -1.0,
      "z" : 0.309017
    }, {
      "x" : -0.19098301,
      "y" : -1.0,
      "z" : -0.309017
    }, {
      "x" : 0.19098301,
      "y" : -1.0,
      "z" : -0.309017
    }, {
      "x" : 1.0,
      "y" : -0.309017,
      "z" : -0.19098301
    }, {
      "x" : 0.809017,
      "y" : -0.618034,
      "z" : -0.309017
    }, {
      "x" : 0.618034,
      "y" : -0.309017,
      "z" : -0.809017
    }, {
      "x" : 0.809017,
      "y" : 0.0,
      "z" : -0.690983
    }, {
      "x" : 0.0,
      "y" : 0.690983,
      "z" : -0.809017
    }, {
      "x" : 0.309017,
      "y" : 0.809017,
      "z" : -0.618034
    }, {
      "x" : 0.618034,
      "y" : 0.309017,
      "z" : -0.809017
    }, {
      "x" : 0.309017,
      "y" : 0.19098301,
      "z" : -1.0
    }, {
      "x" : 1.0,
      "y" : 0.309017,
      "z" : -0.19098301
    }, {
      "x" : -0.309017,
      "y" : -0.809017,
      "z" : 0.618034
    }, {
      "x" : 0.0,
      "y" : -0.690983,
      "z" : 0.809017
    }, {
      "x" : 0.809017,
      "y" : 0.618034,
      "z" : -0.309017
    }, {
      "x" : 0.690983,
      "y" : 0.809017,
      "z" : 0.0
    }, {
      "x" : -0.690983,
      "y" : 0.809017,
      "z" : 0.0
    }, {
      "x" : -0.809017,
      "y" : 0.618034,
      "z" : 0.309017
    }, {
      "x" : -0.309017,
      "y" : 0.809017,
      "z" : 0.618034
    }, {
      "x" : -0.19098301,
      "y" : 1.0,
      "z" : 0.309017
    }, {
      "x" : 0.309017,
      "y" : -0.19098301,
      "z" : -1.0
    }, {
      "x" : 0.19098301,
      "y" : 1.0,
      "z" : 0.309017
    }, {
      "x" : 0.309017,
      "y" : 0.809017,
      "z" : 0.618034
    }, {
      "x" : -0.809017,
      "y" : -0.618034,
      "z" : 0.309017
    }, {
      "x" : -0.690983,
      "y" : -0.809017,
      "z" : 0.0
    }, {
      "x" : 0.0,
      "y" : 0.690983,
      "z" : 0.809017
    }, {
      "x" : 0.309017,
      "y" : -0.809017,
      "z" : -0.618034
    }, {
      "x" : 0.0,
      "y" : -0.690983,
      "z" : -0.809017
    }, {
      "x" : -1.0,
      "y" : 0.309017,
      "z" : 0.19098301
    }, {
      "x" : -0.809017,
      "y" : 0.0,
      "z" : 0.690983
    }, {
      "x" : -0.618034,
      "y" : 0.309017,
      "z" : 0.809017
    }, {
      "x" : 1.0,
      "y" : -0.309017,
      "z" : 0.19098301
    }, {
      "x" : -0.309017,
      "y" : -0.809017,
      "z" : -0.618034
    }, {
      "x" : -1.0,
      "y" : 0.309017,
      "z" : -0.19098301
    }, {
      "x" : -1.0,
      "y" : -0.309017,
      "z" : -0.19098301
    }, {
      "x" : -1.0,
      "y" : -0.309017,
      "z" : 0.19098301
    }, {
      "x" : 0.19098301,
      "y" : 1.0,
      "z" : -0.309017
    }, {
      "x" : -0.809017,
      "y" : 0.618034,
      "z" : -0.309017
    }, {
      "x" : -0.19098301,
      "y" : 1.0,
      "z" : -0.309017
    }, {
      "x" : -0.309017,
      "y" : 0.809017,
      "z" : -0.618034
    }, {
      "x" : -0.618034,
      "y" : -0.309017,
      "z" : 0.809017
    }, {
      "x" : 0.309017,
      "y" : 0.19098301,
      "z" : 1.0
    }, {
      "x" : -0.309017,
      "y" : 0.19098301,
      "z" : -1.0
    }, {
      "x" : -0.309017,
      "y" : 0.19098301,
      "z" : 1.0
    }, {
      "x" : -0.309017,
      "y" : -0.19098301,
      "z" : 1.0
    }, {
      "x" : 0.309017,
      "y" : -0.19098301,
      "z" : 1.0
    }, {
      "x" : 0.690983,
      "y" : -0.809017,
      "z" : 0.0
    }, {
      "x" : -0.809017,
      "y" : 0.0,
      "z" : -0.690983
    }, {
      "x" : -0.618034,
      "y" : -0.309017,
      "z" : -0.809017
    }, {
      "x" : -0.309017,
      "y" : -0.19098301,
      "z" : -1.0
    }, {
      "x" : -0.618034,
      "y" : 0.309017,
      "z" : -0.809017
    }, {
      "x" : -0.809017,
      "y" : -0.618034,
      "z" : -0.309017
    } ],
    "faces" : [ {
      "vertices" : [ 9, 40, 35 ]
    }, {
      "vertices" : [ 9, 35, 34 ]
    }, {
      "vertices" : [ 9, 34, 10 ]
    }, {
      "vertices" : [ 0, 1, 2 ]
    }, {
      "vertices" : [ 33, 51, 49 ]
    }, {
      "vertices" : [ 25, 36, 37 ]
    }, {
      "vertices" : [ 25, 37, 38 ]
    }, {
      "vertices" : [ 41, 55, 42 ]
    }, {
      "vertices" : [ 9, 32, 59 ]
    }, {
      "vertices" : [ 9, 59, 40 ]
    }, {
      "vertices" : [ 20, 21, 52 ]
    }, {
      "vertices" : [ 20, 52, 48 ]
    }, {
      "vertices" : [ 26, 33, 30 ]
    }, {
      "vertices" : [ 26, 30, 29 ]
    }, {
      "vertices" : [ 26, 29, 27 ]
    }, {
      "vertices" : [ 3, 4, 5 ]
    }, {
      "vertices" : [ 3, 5, 6 ]
    }, {
      "vertices" : [ 27, 29, 44 ]
    }, {
      "vertices" : [ 27, 44, 46 ]
    }, {
      "vertices" : [ 50, 57, 56 ]
    }, {
      "vertices" : [ 50, 56, 55 ]
    }, {
      "vertices" : [ 50, 55, 58 ]
    }, {
      "vertices" : [ 26, 38, 51 ]
    }, {
      "vertices" : [ 26, 51, 33 ]
    }, {
      "vertices" : [ 45, 47, 58 ]
    }, {
      "vertices" : [ 18, 28, 57 ]
    }, {
      "vertices" : [ 18, 57, 50 ]
    }, {
      "vertices" : [ 40, 59, 56 ]
    }, {
      "vertices" : [ 31, 48, 37 ]
    }, {
      "vertices" : [ 31, 37, 43 ]
    }, {
      "vertices" : [ 7, 8, 9 ]
    }, {
      "vertices" : [ 7, 9, 10 ]
    }, {
      "vertices" : [ 36, 41, 42 ]
    }, {
      "vertices" : [ 36, 42, 43 ]
    }, {
      "vertices" : [ 24, 46, 47 ]
    }, {
      "vertices" : [ 24, 47, 45 ]
    }, {
      "vertices" : [ 4, 30, 5 ]
    }, {
      "vertices" : [ 15, 47, 46 ]
    }, {
      "vertices" : [ 15, 46, 44 ]
    }, {
      "vertices" : [ 15, 44, 16 ]
    }, {
      "vertices" : [ 15, 50, 58 ]
    }, {
      "vertices" : [ 15, 58, 47 ]
    }, {
      "vertices" : [ 24, 45, 41 ]
    }, {
      "vertices" : [ 24, 41, 36 ]
    }, {
      "vertices" : [ 24, 36, 25 ]
    }, {
      "vertices" : [ 11, 14, 19 ]
    }, {
      "vertices" : [ 3, 6, 39 ]
    }, {
      "vertices" : [ 1, 39, 6 ]
    }, {
      "vertices" : [ 1, 6, 2 ]
    }, {
      "vertices" : [ 8, 32, 9 ]
    }, {
      "vertices" : [ 11, 12, 13 ]
    }, {
      "vertices" : [ 11, 13, 14 ]
    }, {
      "vertices" : [ 16, 22, 17 ]
    }, {
      "vertices" : [ 0, 21, 20 ]
    }, {
      "vertices" : [ 0, 20, 8 ]
    }, {
      "vertices" : [ 0, 8, 7 ]
    }, {
      "vertices" : [ 12, 34, 13 ]
    }, {
      "vertices" : [ 35, 40, 56 ]
    }, {
      "vertices" : [ 35, 56, 57 ]
    }, {
      "vertices" : [ 0, 7, 54 ]
    }, {
      "vertices" : [ 0, 54, 1 ]
    }, {
      "vertices" : [ 15, 16, 17 ]
    }, {
      "vertices" : [ 15, 17, 18 ]
    }, {
      "vertices" : [ 3, 19, 22 ]
    }, {
      "vertices" : [ 3, 22, 23 ]
    }, {
      "vertices" : [ 3, 23, 4 ]
    }, {
      "vertices" : [ 7, 10, 54 ]
    }, {
      "vertices" : [ 41, 45, 58 ]
    }, {
      "vertices" : [ 41, 58, 55 ]
    }, {
      "vertices" : [ 3, 39, 11 ]
    }, {
      "vertices" : [ 3, 11, 19 ]
    }, {
      "vertices" : [ 14, 17, 22 ]
    }, {
      "vertices" : [ 14, 22, 19 ]
    }, {
      "vertices" : [ 0, 2, 53 ]
    }, {
      "vertices" : [ 0, 53, 21 ]
    }, {
      "vertices" : [ 49, 51, 52 ]
    }, {
      "vertices" : [ 49, 52, 53 ]
    }, {
      "vertices" : [ 31, 43, 42 ]
    }, {
      "vertices" : [ 31, 42, 59 ]
    }, {
      "vertices" : [ 31, 59, 32 ]
    }, {
      "vertices" : [ 15, 18, 50 ]
    }, {
      "vertices" : [ 42, 55, 56 ]
    }, {
      "vertices" : [ 42, 56, 59 ]
    }, {
      "vertices" : [ 4, 23, 29 ]
    }, {
      "vertices" : [ 4, 29, 30 ]
    }, {
      "vertices" : [ 25, 38, 26 ]
    }, {
      "vertices" : [ 13, 28, 18 ]
    }, {
      "vertices" : [ 13, 18, 17 ]
    }, {
      "vertices" : [ 13, 17, 14 ]
    }, {
      "vertices" : [ 8, 20, 31 ]
    }, {
      "vertices" : [ 8, 31, 32 ]
    }, {
      "vertices" : [ 23, 44, 29 ]
    }, {
      "vertices" : [ 24, 27, 46 ]
    }, {
      "vertices" : [ 37, 48, 52 ]
    }, {
      "vertices" : [ 37, 52, 51 ]
    }, {
      "vertices" : [ 37, 51, 38 ]
    }, {
      "vertices" : [ 20, 48, 31 ]
    }, {
      "vertices" : [ 24, 25, 26 ]
    }, {
      "vertices" : [ 24, 26, 27 ]
    }, {
      "vertices" : [ 16, 44, 23 ]
    }, {
      "vertices" : [ 16, 23, 22 ]
    }, {
      "vertices" : [ 13, 34, 35 ]
    }, {
      "vertices" : [ 13, 35, 28 ]
    }, {
      "vertices" : [ 10, 34, 12 ]
    }, {
      "vertices" : [ 10, 12, 54 ]
    }, {
      "vertices" : [ 2, 6, 5 ]
    }, {
      "vertices" : [ 2, 5, 49 ]
    }, {
      "vertices" : [ 2, 49, 53 ]
    }, {
      "vertices" : [ 36, 43, 37 ]
    }, {
      "vertices" : [ 5, 30, 33 ]
    }, {
      "vertices" : [ 5, 33, 49 ]
    }, {
      "vertices" : [ 1, 54, 12 ]
    }, {
      "vertices" : [ 1, 12, 11 ]
    }, {
      "vertices" : [ 1, 11, 39 ]
    }, {
      "vertices" : [ 28, 35, 57 ]
    }, {
      "vertices" : [ 21, 53, 52 ]
    } ]
  }, {
    "id" : "33d84289-c10c-4a3b-a6e7-e6ea79457d68",
    "vertices" : [ {
      "x" : 4.236068,
      "y" : 0.309017,
      "z" : 0.19098301
    }, {
      "x" : 4.236068,
      "y" : 0.309017,
      "z" : -0.19098301
    }, {
      "x" : 1.0,
      "y" : 0.309017,
      "z" : -0.19098301
    }, {
      "x" : 1.0,
      "y" : 0.309017,
      "z" : 0.19098301
    }, {
      "x" : 4.236068,
      "y" : -0.309017,
      "z" : 0.19098301
    }, {
      "x" : 1.0,
      "y" : -0.309017,
      "z" : 0.19098301
    }, {
      "x" : 1.0,
      "y" : -0.309017,
      "z" : -0.19098301
    }, {
      "x" : 4.236068,
      "y" : -0.309017,
      "z" : -0.19098301
    }, {
      "x" : 5.236068,
      "y" : 0.0,
      "z" : 0.0
    } ],
    "faces" : [ {
      "vertices" : [ 1, 7, 6 ]
    }, {
      "vertices" : [ 1, 6, 2 ]
    }, {
      "vertices" : [ 0, 1, 2 ]
    }, {
      "vertices" : [ 0, 2, 3 ]
    }, {
      "vertices" : [ 4, 5, 6 ]
    }, {
      "vertices" : [ 4, 6, 7 ]
    }, {
      "vertices" : [ 0, 3, 5 ]
    }, {
      "vertices" : [ 0, 5, 4 ]
    } ]
  } ],
  "instances" : [ {
    "shape" : "7b4018da-ef9d-4ff7-91b4-3f43ba4618f2",
    "color" : "#FFFFFF",
    "position" : {
      "x" : 11.09017,
      "y" : -16.326239,
      "z" : -2.618034
    }
  }, {
    "shape" : "7b4018da-ef9d-4ff7-91b4-3f43ba4618f2",
    "color" : "#FFFFFF",
    "position" : {
      "x" : -2.618034,
      "y" : -19.562305,
      "z" : 2.618034
    }
  }, {
    "shape" : "33d84289-c10c-4a3b-a6e7-e6ea79457d68",
    "color" : "#007695",
    "position" : {
      "x" : -8.472136,
      "y" : -15.326238,
      "z" : -9.472136
    },
    "orientation" : 38
  }, {
    "shape" : "33d84289-c10c-4a3b-a6e7-e6ea79457d68",
    "color" : "#007695",
    "position" : {
      "x" : 13.708204,
      "y" : 6.854102,
      "z" : -12.708204
    },
    "orientation" : 21
  }, {
    "shape" : "7b4018da-ef9d-4ff7-91b4-3f43ba4618f2",
    "color" : "#FFFFFF",
    "position" : {
      "x" : 15.326238,
      "y" : 9.472136,
      "z" : 8.472136
    }
  }, {
    "shape" : "33d84289-c10c-4a3b-a6e7-e6ea79457d68",
    "color" : "#007695",
    "position" : {
      "x" : 2.618034,
      "y" : 2.618034,
      "z" : -19.562305
    },
    "orientation" : 45
  }, {
    "shape" : "7b4018da-ef9d-4ff7-91b4-3f43ba4618f2",
    "color" : "#FFFFFF",
    "position" : {
      "x" : 19.562305,
      "y" : 2.618034,
      "z" : -2.618034
    }
  }, {
    "shape" : "33d84289-c10c-4a3b-a6e7-e6ea79457d68",
    "color" : "#007695",
    "position" : {
      "x" : 2.618034,
      "y" : -2.618034,
      "z" : 19.562305
    },
    "orientation" : 24
  }, {
    "shape" : "33d84289-c10c-4a3b-a6e7-e6ea79457d68",
    "color" : "#007695",
    "position" : {
      "x" : -6.854102,
      "y" : -12.708204,
      "z" : 13.708204
    },
    "orientation" : 51
  }, {
    "shape" : "33d84289-c10c-4a3b-a6e7-e6ea79457d68",
    "color" : "#007695",
    "position" : {
      "x" : 9.472136,
      "y" : -8.472136,
      "z" : -15.326238
    },
    "orientation" : 56
  }, {
    "shape" : "33d84289-c10c-4a3b-a6e7-e6ea79457d68",
    "color" : "#007695",
    "position" : {
      "x" : -16.326239,
      "y" : 2.618034,
      "z" : 11.09017
    },
    "orientation" : 16
  }, {
    "shape" : "7b4018da-ef9d-4ff7-91b4-3f43ba4618f2",
    "color" : "#FFFFFF",
    "position" : {
      "x" : -5.236068,
      "y" : 6.854102,
      "z" : 17.944271
    }
  }, {
    "shape" : "7b4018da-ef9d-4ff7-91b4-3f43ba4618f2",
    "color" : "#FFFFFF",
    "position" : {
      "x" : -6.854102,
      "y" : 17.944271,
      "z" : 5.236068
    }
  }, {
    "shape" : "7b4018da-ef9d-4ff7-91b4-3f43ba4618f2",
    "color" : "#FFFFFF",
    "position" : {
      "x" : 2.618034,
      "y" : -19.562305,
      "z" : 2.618034
    }
  }, {
    "shape" : "7b4018da-ef9d-4ff7-91b4-3f43ba4618f2",
    "color" : "#FFFFFF",
    "position" : {
      "x" : -13.708204,
      "y" : -6.854102,
      "z" : -12.708204
    }
  }, {
    "shape" : "33d84289-c10c-4a3b-a6e7-e6ea79457d68",
    "color" : "#007695",
    "position" : {
      "x" : -11.09017,
      "y" : 16.326239,
      "z" : 2.618034
    },
    "orientation" : 47
  }, {
    "shape" : "33d84289-c10c-4a3b-a6e7-e6ea79457d68",
    "color" : "#007695",
    "position" : {
      "x" : -13.708204,
      "y" : 6.854102,
      "z" : -12.708204
    },
    "orientation" : 39
  }, {
    "shape" : "7b4018da-ef9d-4ff7-91b4-3f43ba4618f2",
    "color" : "#FFFFFF",
    "position" : {
      "x" : 17.944271,
      "y" : -5.236068,
      "z" : 6.854102
    }
  }, {
    "shape" : "33d84289-c10c-4a3b-a6e7-e6ea79457d68",
    "color" : "#007695",
    "position" : {
      "x" : 17.944271,
      "y" : -5.236068,
      "z" : 6.854102
    },
    "orientation" : 39
  }, {
    "shape" : "33d84289-c10c-4a3b-a6e7-e6ea79457d68",
    "color" : "#007695",
    "position" : {
      "x" : -9.472136,
      "y" : 8.472136,
      "z" : -15.326238
    },
    "orientation" : 26
  }, {
    "shape" : "33d84289-c10c-4a3b-a6e7-e6ea79457d68",
    "color" : "#007695",
    "position" : {
      "x" : -2.618034,
      "y" : 11.09017,
      "z" : -16.326239
    },
    "orientation" : 38
  }, {
    "shape" : "33d84289-c10c-4a3b-a6e7-e6ea79457d68",
    "color" : "#007695",
    "position" : {
      "x" : -5.236068,
      "y" : -6.854102,
      "z" : -17.944271
    },
    "orientation" : 41
  }, {
    "shape" : "33d84289-c10c-4a3b-a6e7-e6ea79457d68",
    "color" : "#007695",
    "position" : {
      "x" : -6.854102,
      "y" : -12.708204,
      "z" : 13.708204
    },
    "orientation" : 22
  }, {
    "shape" : "33d84289-c10c-4a3b-a6e7-e6ea79457d68",
    "color" : "#007695",
    "position" : {
      "x" : 19.562305,
      "y" : 2.618034,
      "z" : -2.618034
    },
    "orientation" : 16
  }, {
    "shape" : "33d84289-c10c-4a3b-a6e7-e6ea79457d68",
    "color" : "#007695",
    "position" : {
      "x" : -6.854102,
      "y" : 12.708204,
      "z" : -13.708204
    },
    "orientation" : 36
  }, {
    "shape" : "33d84289-c10c-4a3b-a6e7-e6ea79457d68",
    "color" : "#007695",
    "position" : {
      "x" : 2.618034,
      "y" : 11.09017,
      "z" : -16.326239
    },
    "orientation" : 24
  }, {
    "shape" : "33d84289-c10c-4a3b-a6e7-e6ea79457d68",
    "color" : "#007695",
    "position" : {
      "x" : -6.854102,
      "y" : 17.944271,
      "z" : -5.236068
    },
    "orientation" : 11
  }, {
    "shape" : "33d84289-c10c-4a3b-a6e7-e6ea79457d68",
    "color" : "#007695",
    "position" : {
      "x" : -11.09017,
      "y" : -16.326239,
      "z" : -2.618034
    },
    "orientation" : 2
  }, {
    "shape" : "33d84289-c10c-4a3b-a6e7-e6ea79457d68",
    "color" : "#007695",
    "position" : {
      "x" : 17.944271,
      "y" : -5.236068,
      "z" : -6.854102
    },
    "orientation" : 10
  }, {
    "shape" : "7b4018da-ef9d-4ff7-91b4-3f43ba4618f2",
    "color" : "#FFFFFF",
    "position" : {
      "x" : -6.854102,
      "y" : -17.944271,
      "z" : -5.236068
    }
  }, {
    "shape" : "7b4018da-ef9d-4ff7-91b4-3f43ba4618f2",
    "color" : "#FFFFFF",
    "position" : {
      "x" : -2.618034,
      "y" : -2.618034,
      "z" : 19.562305
    }
  }, {
    "shape" : "33d84289-c10c-4a3b-a6e7-e6ea79457d68",
    "color" : "#007695",
    "position" : {
      "x" : 2.618034,
      "y" : -11.09017,
      "z" : 16.326239
    },
    "orientation" : 9
  }, {
    "shape" : "33d84289-c10c-4a3b-a6e7-e6ea79457d68",
    "color" : "#007695",
    "position" : {
      "x" : -16.326239,
      "y" : 2.618034,
      "z" : 11.09017
    },
    "orientation" : 55
  }, {
    "shape" : "7b4018da-ef9d-4ff7-91b4-3f43ba4618f2",
    "color" : "#FFFFFF",
    "position" : {
      "x" : 19.562305,
      "y" : -2.618034,
      "z" : 2.618034
    }
  }, {
    "shape" : "7b4018da-ef9d-4ff7-91b4-3f43ba4618f2",
    "color" : "#FFFFFF",
    "position" : {
      "x" : 19.562305,
      "y" : -2.618034,
      "z" : -2.618034
    }
  }, {
    "shape" : "33d84289-c10c-4a3b-a6e7-e6ea79457d68",
    "color" : "#007695",
    "position" : {
      "x" : 6.854102,
      "y" : -17.944271,
      "z" : 5.236068
    },
    "orientation" : 10
  }, {
    "shape" : "7b4018da-ef9d-4ff7-91b4-3f43ba4618f2",
    "color" : "#FFFFFF",
    "position" : {
      "x" : -2.618034,
      "y" : 19.562305,
      "z" : 2.618034
    }
  }, {
    "shape" : "7b4018da-ef9d-4ff7-91b4-3f43ba4618f2",
    "color" : "#FFFFFF",
    "position" : {
      "x" : -6.854102,
      "y" : 17.944271,
      "z" : -5.236068
    }
  }, {
    "shape" : "33d84289-c10c-4a3b-a6e7-e6ea79457d68",
    "color" : "#007695",
    "position" : {
      "x" : -6.854102,
      "y" : -17.944271,
      "z" : 5.236068
    },
    "orientation" : 56
  }, {
    "shape" : "7b4018da-ef9d-4ff7-91b4-3f43ba4618f2",
    "color" : "#FFFFFF",
    "position" : {
      "x" : 17.944271,
      "y" : -5.236068,
      "z" : -6.854102
    }
  }, {
    "shape" : "33d84289-c10c-4a3b-a6e7-e6ea79457d68",
    "color" : "#007695",
    "position" : {
      "x" : -2.618034,
      "y" : 11.09017,
      "z" : 16.326239
    },
    "orientation" : 39
  }, {
    "shape" : "33d84289-c10c-4a3b-a6e7-e6ea79457d68",
    "color" : "#007695",
    "position" : {
      "x" : 15.326238,
      "y" : 9.472136,
      "z" : -8.472136
    },
    "orientation" : 51
  }, {
    "shape" : "7b4018da-ef9d-4ff7-91b4-3f43ba4618f2",
    "color" : "#FFFFFF",
    "position" : {
      "x" : -19.562305,
      "y" : -2.618034,
      "z" : -2.618034
    }
  }, {
    "shape" : "33d84289-c10c-4a3b-a6e7-e6ea79457d68",
    "color" : "#007695",
    "position" : {
      "x" : -2.618034,
      "y" : -2.618034,
      "z" : 19.562305
    },
    "orientation" : 1
  }, {
    "shape" : "33d84289-c10c-4a3b-a6e7-e6ea79457d68",
    "color" : "#007695",
    "position" : {
      "x" : 19.562305,
      "y" : -2.618034,
      "z" : -2.618034
    },
    "orientation" : 2
  }, {
    "shape" : "7b4018da-ef9d-4ff7-91b4-3f43ba4618f2",
    "color" : "#FFFFFF",
    "position" : {
      "x" : -11.09017,
      "y" : 16.326239,
      "z" : 2.618034
    }
  }, {
    "shape" : "33d84289-c10c-4a3b-a6e7-e6ea79457d68",
    "color" : "#007695",
    "position" : {
      "x" : -16.326239,
      "y" : -2.618034,
      "z" : -11.09017
    },
    "orientation" : 40
  }, {
    "shape" : "33d84289-c10c-4a3b-a6e7-e6ea79457d68",
    "color" : "#007695",
    "position" : {
      "x" : -12.708204,
      "y" : 13.708204,
      "z" : -6.854102
    },
    "orientation" : 23
  }, {
    "shape" : "33d84289-c10c-4a3b-a6e7-e6ea79457d68",
    "color" : "#007695",
    "position" : {
      "x" : 12.708204,
      "y" : 13.708204,
      "z" : 6.854102
    },
    "orientation" : 38
  }, {
    "shape" : "33d84289-c10c-4a3b-a6e7-e6ea79457d68",
    "color" : "#007695",
    "position" : {
      "x" : -5.236068,
      "y" : -6.854102,
      "z" : 17.944271
    },
    "orientation" : 24
  }, {
    "shape" : "33d84289-c10c-4a3b-a6e7-e6ea79457d68",
    "color" : "#007695",
    "position" : {
      "x" : -5.236068,
      "y" : 6.854102,
      "z" : 17.944271
    },
    "orientation" : 56
  }, {
    "shape" : "33d84289-c10c-4a3b-a6e7-e6ea79457d68",
    "color" : "#007695",
    "position" : {
      "x" : 9.472136,
      "y" : 8.472136,
      "z" : -15.326238
    },
    "orientation" : 8
  }, {
    "shape" : "7b4018da-ef9d-4ff7-91b4-3f43ba4618f2",
    "color" : "#FFFFFF",
    "position" : {
      "x" : 6.854102,
      "y" : 12.708204,
      "z" : 13.708204
    }
  }, {
    "shape" : "33d84289-c10c-4a3b-a6e7-e6ea79457d68",
    "color" : "#007695",
    "position" : {
      "x" : -17.944271,
      "y" : 5.236068,
      "z" : 6.854102
    },
    "orientation" : 9
  }, {
    "shape" : "33d84289-c10c-4a3b-a6e7-e6ea79457d68",
    "color" : "#007695",
    "position" : {
      "x" : -12.708204,
      "y" : 13.708204,
      "z" : 6.854102
    },
    "orientation" : 52
  }, {
    "shape" : "33d84289-c10c-4a3b-a6e7-e6ea79457d68",
    "color" : "#007695",
    "position" : {
      "x" : 15.326238,
      "y" : -9.472136,
      "z" : -8.472136
    },
    "orientation" : 9
  }, {
    "shape" : "7b4018da-ef9d-4ff7-91b4-3f43ba4618f2",
    "color" : "#FFFFFF",
    "position" : {
      "x" : 9.472136,
      "y" : 8.472136,
      "z" : 15.326238
    }
  }, {
    "shape" : "7b4018da-ef9d-4ff7-91b4-3f43ba4618f2",
    "color" : "#FFFFFF",
    "position" : {
      "x" : 12.708204,
      "y" : 13.708204,
      "z" : 6.854102
    }
  }, {
    "shape" : "33d84289-c10c-4a3b-a6e7-e6ea79457d68",
    "color" : "#007695",
    "position" : {
      "x" : -16.326239,
      "y" : -2.618034,
      "z" : 11.09017
    },
    "orientation" : 21
  }, {
    "shape" : "33d84289-c10c-4a3b-a6e7-e6ea79457d68",
    "color" : "#007695",
    "position" : {
      "x" : 5.236068,
      "y" : 6.854102,
      "z" : 17.944271
    },
    "orientation" : 54
  }, {
    "shape" : "33d84289-c10c-4a3b-a6e7-e6ea79457d68",
    "color" : "#007695",
    "position" : {
      "x" : 11.09017,
      "y" : 16.326239,
      "z" : 2.618034
    },
    "orientation" : 37
  }, {
    "shape" : "7b4018da-ef9d-4ff7-91b4-3f43ba4618f2",
    "color" : "#FFFFFF",
    "position" : {
      "x" : -11.09017,
      "y" : -16.326239,
      "z" : -2.618034
    }
  }, {
    "shape" : "7b4018da-ef9d-4ff7-91b4-3f43ba4618f2",
    "color" : "#FFFFFF",
    "position" : {
      "x" : -12.708204,
      "y" : -13.708204,
      "z" : -6.854102
    }
  }, {
    "shape" : "33d84289-c10c-4a3b-a6e7-e6ea79457d68",
    "color" : "#007695",
    "position" : {
      "x" : 2.618034,
      "y" : -11.09017,
      "z" : -16.326239
    },
    "orientation" : 8
  }, {
    "shape" : "7b4018da-ef9d-4ff7-91b4-3f43ba4618f2",
    "color" : "#FFFFFF",
    "position" : {
      "x" : 5.236068,
      "y" : -6.854102,
      "z" : -17.944271
    }
  }, {
    "shape" : "33d84289-c10c-4a3b-a6e7-e6ea79457d68",
    "color" : "#007695",
    "position" : {
      "x" : -2.618034,
      "y" : -11.09017,
      "z" : -16.326239
    },
    "orientation" : 0
  }, {
    "shape" : "33d84289-c10c-4a3b-a6e7-e6ea79457d68",
    "color" : "#007695",
    "position" : {
      "x" : 13.708204,
      "y" : -6.854102,
      "z" : -12.708204
    },
    "orientation" : 53
  }, {
    "shape" : "33d84289-c10c-4a3b-a6e7-e6ea79457d68",
    "color" : "#007695",
    "position" : {
      "x" : -13.708204,
      "y" : -6.854102,
      "z" : 12.708204
    },
    "orientation" : 8
  }, {
    "shape" : "33d84289-c10c-4a3b-a6e7-e6ea79457d68",
    "color" : "#007695",
    "position" : {
      "x" : 2.618034,
      "y" : -19.562305,
      "z" : -2.618034
    },
    "orientation" : 45
  }, {
    "shape" : "7b4018da-ef9d-4ff7-91b4-3f43ba4618f2",
    "color" : "#FFFFFF",
    "position" : {
      "x" : 11.09017,
      "y" : 16.326239,
      "z" : 2.618034
    }
  }, {
    "shape" : "7b4018da-ef9d-4ff7-91b4-3f43ba4618f2",
    "color" : "#FFFFFF",
    "position" : {
      "x" : -11.09017,
      "y" : 16.326239,
      "z" : -2.618034
    }
  }, {
    "shape" : "7b4018da-ef9d-4ff7-91b4-3f43ba4618f2",
    "color" : "#FFFFFF",
    "position" : {
      "x" : 2.618034,
      "y" : 2.618034,
      "z" : 19.562305
    }
  }, {
    "shape" : "33d84289-c10c-4a3b-a6e7-e6ea79457d68",
    "color" : "#007695",
    "position" : {
      "x" : -5.236068,
      "y" : 6.854102,
      "z" : -17.944271
    },
    "orientation" : 24
  }, {
    "shape" : "33d84289-c10c-4a3b-a6e7-e6ea79457d68",
    "color" : "#007695",
    "position" : {
      "x" : -2.618034,
      "y" : 2.618034,
      "z" : 19.562305
    },
    "orientation" : 54
  }, {
    "shape" : "7b4018da-ef9d-4ff7-91b4-3f43ba4618f2",
    "color" : "#FFFFFF",
    "position" : {
      "x" : -17.944271,
      "y" : 5.236068,
      "z" : 6.854102
    }
  }, {
    "shape" : "33d84289-c10c-4a3b-a6e7-e6ea79457d68",
    "color" : "#007695",
    "position" : {
      "x" : 19.562305,
      "y" : 2.618034,
      "z" : -2.618034
    },
    "orientation" : 55
  }, {
    "shape" : "33d84289-c10c-4a3b-a6e7-e6ea79457d68",
    "color" : "#007695",
    "position" : {
      "x" : 11.09017,
      "y" : -16.326239,
      "z" : 2.618034
    },
    "orientation" : 41
  }, {
    "shape" : "33d84289-c10c-4a3b-a6e7-e6ea79457d68",
    "color" : "#007695",
    "position" : {
      "x" : 2.618034,
      "y" : 11.09017,
      "z" : 16.326239
    },
    "orientation" : 23
  }, {
    "shape" : "7b4018da-ef9d-4ff7-91b4-3f43ba4618f2",
    "color" : "#FFFFFF",
    "position" : {
      "x" : -16.326239,
      "y" : 2.618034,
      "z" : -11.09017
    }
  }, {
    "shape" : "33d84289-c10c-4a3b-a6e7-e6ea79457d68",
    "color" : "#007695",
    "position" : {
      "x" : -9.472136,
      "y" : -8.472136,
      "z" : -15.326238
    },
    "orientation" : 38
  }, {
    "shape" : "33d84289-c10c-4a3b-a6e7-e6ea79457d68",
    "color" : "#007695",
    "position" : {
      "x" : -2.618034,
      "y" : -19.562305,
      "z" : 2.618034
    },
    "orientation" : 0
  }, {
    "shape" : "33d84289-c10c-4a3b-a6e7-e6ea79457d68",
    "color" : "#007695",
    "position" : {
      "x" : 6.854102,
      "y" : -12.708204,
      "z" : -13.708204
    },
    "orientation" : 6
  }, {
    "shape" : "33d84289-c10c-4a3b-a6e7-e6ea79457d68",
    "color" : "#007695",
    "position" : {
      "x" : 11.09017,
      "y" : 16.326239,
      "z" : -2.618034
    },
    "orientation" : 56
  }, {
    "shape" : "7b4018da-ef9d-4ff7-91b4-3f43ba4618f2",
    "color" : "#FFFFFF",
    "position" : {
      "x" : 2.618034,
      "y" : -11.09017,
      "z" : 16.326239
    }
  }, {
    "shape" : "7b4018da-ef9d-4ff7-91b4-3f43ba4618f2",
    "color" : "#FFFFFF",
    "position" : {
      "x" : -17.944271,
      "y" : -5.236068,
      "z" : -6.854102
    }
  }, {
    "shape" : "33d84289-c10c-4a3b-a6e7-e6ea79457d68",
    "color" : "#007695",
    "position" : {
      "x" : -9.472136,
      "y" : -8.472136,
      "z" : 15.326238
    },
    "orientation" : 11
  }, {
    "shape" : "33d84289-c10c-4a3b-a6e7-e6ea79457d68",
    "color" : "#007695",
    "position" : {
      "x" : -11.09017,
      "y" : -16.326239,
      "z" : -2.618034
    },
    "orientation" : 26
  }, {
    "shape" : "33d84289-c10c-4a3b-a6e7-e6ea79457d68",
    "color" : "#007695",
    "position" : {
      "x" : 13.708204,
      "y" : -6.854102,
      "z" : 12.708204
    },
    "orientation" : 6
  }, {
    "shape" : "33d84289-c10c-4a3b-a6e7-e6ea79457d68",
    "color" : "#007695",
    "position" : {
      "x" : -8.472136,
      "y" : -15.326238,
      "z" : -9.472136
    },
    "orientation" : 52
  }, {
    "shape" : "33d84289-c10c-4a3b-a6e7-e6ea79457d68",
    "color" : "#007695",
    "position" : {
      "x" : -6.854102,
      "y" : -12.708204,
      "z" : -13.708204
    },
    "orientation" : 23
  }, {
    "shape" : "7b4018da-ef9d-4ff7-91b4-3f43ba4618f2",
    "color" : "#FFFFFF",
    "position" : {
      "x" : 6.854102,
      "y" : 12.708204,
      "z" : -13.708204
    }
  }, {
    "shape" : "7b4018da-ef9d-4ff7-91b4-3f43ba4618f2",
    "color" : "#FFFFFF",
    "position" : {
      "x" : 2.618034,
      "y" : -2.618034,
      "z" : -19.562305
    }
  }, {
    "shape" : "33d84289-c10c-4a3b-a6e7-e6ea79457d68",
    "color" : "#007695",
    "position" : {
      "x" : 6.854102,
      "y" : 17.944271,
      "z" : 5.236068
    },
    "orientation" : 26
  }, {
    "shape" : "33d84289-c10c-4a3b-a6e7-e6ea79457d68",
    "color" : "#007695",
    "position" : {
      "x" : 2.618034,
      "y" : 11.09017,
      "z" : -16.326239
    },
    "orientation" : 11
  }, {
    "shape" : "33d84289-c10c-4a3b-a6e7-e6ea79457d68",
    "color" : "#007695",
    "position" : {
      "x" : -11.09017,
      "y" : -16.326239,
      "z" : 2.618034
    },
    "orientation" : 7
  }, {
    "shape" : "33d84289-c10c-4a3b-a6e7-e6ea79457d68",
    "color" : "#007695",
    "position" : {
      "x" : -6.854102,
      "y" : 17.944271,
      "z" : 5.236068
    },
    "orientation" : 40
  }, {
    "shape" : "33d84289-c10c-4a3b-a6e7-e6ea79457d68",
    "color" : "#007695",
    "position" : {
      "x" : -9.472136,
      "y" : 8.472136,
      "z" : 15.326238
    },
    "orientation" : 6
  }, {
    "shape" : "7b4018da-ef9d-4ff7-91b4-3f43ba4618f2",
    "color" : "#FFFFFF",
    "position" : {
      "x" : 16.326239,
      "y" : 2.618034,
      "z" : -11.09017
    }
  }, {
    "shape" : "33d84289-c10c-4a3b-a6e7-e6ea79457d68",
    "color" : "#007695",
    "position" : {
      "x" : 13.708204,
      "y" : 6.854102,
      "z" : 12.708204
    },
    "orientation" : 38
  }, {
    "shape" : "7b4018da-ef9d-4ff7-91b4-3f43ba4618f2",
    "color" : "#FFFFFF",
    "position" : {
      "x" : -6.854102,
      "y" : 12.708204,
      "z" : -13.708204
    }
  }, {
    "shape" : "7b4018da-ef9d-4ff7-91b4-3f43ba4618f2",
    "color" : "#FFFFFF",
    "position" : {
      "x" : 2.618034,
      "y" : -19.562305,
      "z" : -2.618034
    }
  }, {
    "shape" : "33d84289-c10c-4a3b-a6e7-e6ea79457d68",
    "color" : "#007695",
    "position" : {
      "x" : -15.326238,
      "y" : 9.472136,
      "z" : 8.472136
    },
    "orientation" : 37
  }, {
    "shape" : "7b4018da-ef9d-4ff7-91b4-3f43ba4618f2",
    "color" : "#FFFFFF",
    "position" : {
      "x" : 6.854102,
      "y" : -12.708204,
      "z" : -13.708204
    }
  }, {
    "shape" : "33d84289-c10c-4a3b-a6e7-e6ea79457d68",
    "color" : "#007695",
    "position" : {
      "x" : 16.326239,
      "y" : -2.618034,
      "z" : 11.09017
    },
    "orientation" : 25
  }, {
    "shape" : "33d84289-c10c-4a3b-a6e7-e6ea79457d68",
    "color" : "#007695",
    "position" : {
      "x" : 2.618034,
      "y" : -11.09017,
      "z" : 16.326239
    },
    "orientation" : 45
  }, {
    "shape" : "33d84289-c10c-4a3b-a6e7-e6ea79457d68",
    "color" : "#007695",
    "position" : {
      "x" : 19.562305,
      "y" : -2.618034,
      "z" : 2.618034
    },
    "orientation" : 1
  }, {
    "shape" : "33d84289-c10c-4a3b-a6e7-e6ea79457d68",
    "color" : "#007695",
    "position" : {
      "x" : -15.326238,
      "y" : -9.472136,
      "z" : -8.472136
    },
    "orientation" : 52
  }, {
    "shape" : "33d84289-c10c-4a3b-a6e7-e6ea79457d68",
    "color" : "#007695",
    "position" : {
      "x" : -5.236068,
      "y" : 6.854102,
      "z" : -17.944271
    },
    "orientation" : 9
  }, {
    "shape" : "33d84289-c10c-4a3b-a6e7-e6ea79457d68",
    "color" : "#007695",
    "position" : {
      "x" : 6.854102,
      "y" : -17.944271,
      "z" : -5.236068
    },
    "orientation" : 41
  }, {
    "shape" : "33d84289-c10c-4a3b-a6e7-e6ea79457d68",
    "color" : "#007695",
    "position" : {
      "x" : 15.326238,
      "y" : -9.472136,
      "z" : 8.472136
    },
    "orientation" : 36
  }, {
    "shape" : "33d84289-c10c-4a3b-a6e7-e6ea79457d68",
    "color" : "#007695",
    "position" : {
