{
  "field" : "golden",
  "symmetry" : "icosahedral",
  "orientations" : [ [ 1.0, 0.0, 0.0, 0.0, 0.0, 1.0, 0.0, 0.0, 0.0, 0.0, 1.0, 0.0, 0.0, 0.0, 0.0, 1.0 ], [ 0.0, 0.0, 1.0, 0.0, 1.0, 0.0, 0.0, 0.0, 0.0, 1.0, 0.0, 0.0, 0.0, 0.0, 0.0, 1.0 ], [ 0.0, 1.0, 0.0, 0.0, 0.0, 0.0, 1.0, 0.0, 1.0, 0.0, 0.0, 0.0, 0.0, 0.0, 0.0, 1.0 ], [ 0.809017, 0.309017, 0.5, 0.0, 0.309017, 0.5, -0.809017, 0.0, -0.5, 0.809017, 0.309017, 0.0, 0.0, 0.0, 0.0, 1.0 ], [ -0.5, 0.809017, 0.309017, 0.0, 0.809017, 0.309017, 0.5, 0.0, 0.309017, 0.5, -0.809017, 0.0, 0.0, 0.0, 0.0, 1.0 ], [ 0.309017, 0.5, -0.809017, 0.0, -0.5, 0.809017, 0.309017, 0.0, 0.809017, 0.309017, 0.5, 0.0, 0.0, 0.0, 0.0, 1.0 ], [ 0.5, 0.809017, 0.309017, 0.0, 0.809017, -0.309017, -0.5, 0.0, -0.309017, 0.5, -0.809017, 0.0, 0.0, 0.0, 0.0, 1.0 ], [ -0.309017, 0.5, -0.809017, 0.0, 0.5, 0.809017, 0.309017, 0.0, 0.809017, -0.309017, -0.5, 0.0, 0.0, 0.0, 0.0, 1.0 ], [ 0.809017, -0.309017, -0.5, 0.0, -0.309017, 0.5, -0.809017, 0.0, 0.5, 0.809017, 0.309017, 0.0, 0.0, 0.0, 0.0, 1.0 ], [ 0.5, 0.809017, -0.309017, 0.0, 0.809017, -0.309017, 0.5, 0.0, 0.309017, -0.5, -0.809017, 0.0, 0.0, 0.0, 0.0, 1.0 ], [ 0.309017, -0.5, -0.809017, 0.0, 0.5, 0.809017, -0.309017, 0.0, 0.809017, -0.309017, 0.5, 0.0, 0.0, 0.0, 0.0, 1.0 ], [ 0.809017, -0.309017, 0.5, 0.0, 0.309017, -0.5, -0.809017, 0.0, 0.5, 0.809017, -0.309017, 0.0, 0.0, 0.0, 0.0, 1.0 ], [ 0.809017, 0.309017, -0.5, 0.0, 0.309017, 0.5, 0.809017, 0.0, 0.5, -0.809017, 0.309017, 0.0, 0.0, 0.0, 0.0, 1.0 ], [ 0.5, -0.809017, 0.309017, 0.0, 0.809017, 0.309017, -0.5, 0.0, 0.309017, 0.5, 0.809017, 0.0, 0.0, 0.0, 0.0, 1.0 ], [ 0.309017, 0.5, 0.809017, 0.0, 0.5, -0.809017, 0.309017, 0.0, 0.809017, 0.309017, -0.5, 0.0, 0.0, 0.0, 0.0, 1.0 ], [ 1.0, 0.0, 0.0, 0.0, 0.0, -1.0, 0.0, 0.0, 0.0, 0.0, -1.0, 0.0, 0.0, 0.0, 0.0, 1.0 ], [ 0.0, 0.0, 1.0, 0.0, -1.0, 0.0, 0.0, 0.0, 0.0, -1.0, 0.0, 0.0, 0.0, 0.0, 0.0, 1.0 ], [ 0.0, 1.0, 0.0, 0.0, 0.0, 0.0, -1.0, 0.0, -1.0, 0.0, 0.0, 0.0, 0.0, 0.0, 0.0, 1.0 ], [ 0.809017, 0.309017, 0.5, 0.0, -0.309017, -0.5, 0.809017, 0.0, 0.5, -0.809017, -0.309017, 0.0, 0.0, 0.0, 0.0, 1.0 ], [ -0.5, 0.809017, 0.309017, 0.0, -0.809017, -0.309017, -0.5, 0.0, -0.309017, -0.5, 0.809017, 0.0, 0.0, 0.0, 0.0, 1.0 ], [ 0.309017, 0.5, -0.809017, 0.0, 0.5, -0.809017, -0.309017, 0.0, -0.809017, -0.309017, -0.5, 0.0, 0.0, 0.0, 0.0, 1.0 ], [ 0.5, 0.809017, 0.309017, 0.0, -0.809017, 0.309017, 0.5, 0.0, 0.309017, -0.5, 0.809017, 0.0, 0.0, 0.0, 0.0, 1.0 ], [ -0.309017, 0.5, -0.809017, 0.0, -0.5, -0.809017, -0.309017, 0.0, -0.809017, 0.309017, 0.5, 0.0, 0.0, 0.0, 0.0, 1.0 ], [ 0.809017, -0.309017, -0.5, 0.0, 0.309017, -0.5, 0.809017, 0.0, -0.5, -0.809017, -0.309017, 0.0, 0.0, 0.0, 0.0, 1.0 ], [ 0.5, 0.809017, -0.309017, 0.0, -0.809017, 0.309017, -0.5, 0.0, -0.309017, 0.5, 0.809017, 0.0, 0.0, 0.0, 0.0, 1.0 ], [ 0.309017, -0.5, -0.809017, 0.0, -0.5, -0.809017, 0.309017, 0.0, -0.809017, 0.309017, -0.5, 0.0, 0.0, 0.0, 0.0, 1.0 ], [ 0.809017, -0.309017, 0.5, 0.0, -0.309017, 0.5, 0.809017, 0.0, -0.5, -0.809017, 0.309017, 0.0, 0.0, 0.0, 0.0, 1.0 ], [ 0.809017, 0.309017, -0.5, 0.0, -0.309017, -0.5, -0.809017, 0.0, -0.5, 0.809017, -0.309017, 0.0, 0.0, 0.0, 0.0, 1.0 ], [ 0.5, -0.809017, 0.309017, 0.0, -0.809017, -0.309017, 0.5, 0.0, -0.309017, -0.5, -0.809017, 0.0, 0.0, 0.0, 0.0, 1.0 ], [ 0.309017, 0.5, 0.809017, 0.0, -0.5, 0.809017, -0.309017, 0.0, -0.809017, -0.309017, 0.5, 0.0, 0.0, 0.0, 0.0, 1.0 ], [ -1.0, 0.0, 0.0, 0.0, 0.0, -1.0, 0.0, 0.0, 0.0, 0.0, 1.0, 0.0, 0.0, 0.0, 0.0, 1.0 ], [ 0.0, 0.0, -1.0, 0.0, -1.0, 0.0, 0.0, 0.0, 0.0, 1.0, 0.0, 0.0, 0.0, 0.0, 0.0, 1.0 ], [ 0.0, -1.0, 0.0, 0.0, 0.0, 0.0, -1.0, 0.0, 1.0, 0.0, 0.0, 0.0, 0.0, 0.0, 0.0, 1.0 ], [ -0.809017, -0.309017, -0.5, 0.0, -0.309017, -0.5, 0.809017, 0.0, -0.5, 0.809017, 0.309017, 0.0, 0.0, 0.0, 0.0, 1.0 ], [ 0.5, -0.809017, -0.309017, 0.0, -0.809017, -0.309017, -0.5, 0.0, 0.309017, 0.5, -0.809017, 0.0, 0.0, 0.0, 0.0, 1.0 ], [ -0.309017, -0.5, 0.809017, 0.0, 0.5, -0.809017, -0.309017, 0.0, 0.809017, 0.309017, 0.5, 0.0, 0.0, 0.0, 0.0, 1.0 ], [ -0.5, -0.809017, -0.309017, 0.0, -0.809017, 0.309017, 0.5, 0.0, -0.309017, 0.5, -0.809017, 0.0, 0.0, 0.0, 0.0, 1.0 ], [ 0.309017, -0.5, 0.809017, 0.0, -0.5, -0.809017, -0.309017, 0.0, 0.809017, -0.309017, -0.5, 0.0, 0.0, 0.0, 0.0, 1.0 ], [ -0.809017, 0.309017, 0.5, 0.0, 0.309017, -0.5, 0.809017, 0.0, 0.5, 0.809017, 0.309017, 0.0, 0.0, 0.0, 0.0, 1.0 ], [ -0.5, -0.809017, 0.309017, 0.0, -0.809017, 0.309017, -0.5, 0.0, 0.309017, -0.5, -0.809017, 0.0, 0.0, 0.0, 0.0, 1.0 ], [ -0.309017, 0.5, 0.809017, 0.0, -0.5, -0.809017, 0.309017, 0.0, 0.809017, -0.309017, 0.5, 0.0, 0.0, 0.0, 0.0, 1.0 ], [ -0.809017, 0.309017, -0.5, 0.0, -0.309017, 0.5, 0.809017, 0.0, 0.5, 0.809017, -0.309017, 0.0, 0.0, 0.0, 0.0, 1.0 ], [ -0.809017, -0.309017, 0.5, 0.0, -0.309017, -0.5, -0.809017, 0.0, 0.5, -0.809017, 0.309017, 0.0, 0.0, 0.0, 0.0, 1.0 ], [ -0.5, 0.809017, -0.309017, 0.0, -0.809017, -0.309017, 0.5, 0.0, 0.309017, 0.5, 0.809017, 0.0, 0.0, 0.0, 0.0, 1.0 ], [ -0.309017, -0.5, -0.809017, 0.0, -0.5, 0.809017, -0.309017, 0.0, 0.809017, 0.309017, -0.5, 0.0, 0.0, 0.0, 0.0, 1.0 ], [ -1.0, 0.0, 0.0, 0.0, 0.0, 1.0, 0.0, 0.0, 0.0, 0.0, -1.0, 0.0, 0.0, 0.0, 0.0, 1.0 ], [ 0.0, 0.0, -1.0, 0.0, 1.0, 0.0, 0.0, 0.0, 0.0, -1.0, 0.0, 0.0, 0.0, 0.0, 0.0, 1.0 ], [ 0.0, -1.0, 0.0, 0.0, 0.0, 0.0, 1.0, 0.0, -1.0, 0.0, 0.0, 0.0, 0.0, 0.0, 0.0, 1.0 ], [ -0.809017, -0.309017, -0.5, 0.0, 0.309017, 0.5, -0.809017, 0.0, 0.5, -0.809017, -0.309017, 0.0, 0.0, 0.0, 0.0, 1.0 ], [ 0.5, -0.809017, -0.309017, 0.0, 0.809017, 0.309017, 0.5, 0.0, -0.309017, -0.5, 0.809017, 0.0, 0.0, 0.0, 0.0, 1.0 ], [ -0.309017, -0.5, 0.809017, 0.0, -0.5, 0.809017, 0.309017, 0.0, -0.809017, -0.309017, -0.5, 0.0, 0.0, 0.0, 0.0, 1.0 ], [ -0.5, -0.809017, -0.309017, 0.0, 0.809017, -0.309017, -0.5, 0.0, 0.309017, -0.5, 0.809017, 0.0, 0.0, 0.0, 0.0, 1.0 ], [ 0.309017, -0.5, 0.809017, 0.0, 0.5, 0.809017, 0.309017, 0.0, -0.809017, 0.309017, 0.5, 0.0, 0.0, 0.0, 0.0, 1.0 ], [ -0.809017, 0.309017, 0.5, 0.0, -0.309017, 0.5, -0.809017, 0.0, -0.5, -0.809017, -0.309017, 0.0, 0.0, 0.0, 0.0, 1.0 ], [ -0.5, -0.809017, 0.309017, 0.0, 0.809017, -0.309017, 0.5, 0.0, -0.309017, 0.5, 0.809017, 0.0, 0.0, 0.0, 0.0, 1.0 ], [ -0.309017, 0.5, 0.809017, 0.0, 0.5, 0.809017, -0.309017, 0.0, -0.809017, 0.309017, -0.5, 0.0, 0.0, 0.0, 0.0, 1.0 ], [ -0.809017, 0.309017, -0.5, 0.0, 0.309017, -0.5, -0.809017, 0.0, -0.5, -0.809017, 0.309017, 0.0, 0.0, 0.0, 0.0, 1.0 ], [ -0.809017, -0.309017, 0.5, 0.0, 0.309017, 0.5, 0.809017, 0.0, -0.5, 0.809017, -0.309017, 0.0, 0.0, 0.0, 0.0, 1.0 ], [ -0.5, 0.809017, -0.309017, 0.0, 0.809017, 0.309017, -0.5, 0.0, -0.309017, -0.5, -0.809017, 0.0, 0.0, 0.0, 0.0, 1.0 ], [ -0.309017, -0.5, -0.809017, 0.0, 0.5, -0.809017, 0.309017, 0.0, -0.809017, -0.309017, 0.5, 0.0, 0.0, 0.0, 0.0, 1.0 ] ],
  "lights" : {
    "ambientColor" : "#292929",
    "backgroundColor" : "#AFC8DC",
    "directionalLights" : [ {
      "direction" : {
        "x" : 1.0,
        "y" : -1.0,
        "z" : -1.0
      },
      "color" : "#EBEBE4"
    }, {
      "direction" : {
        "x" : -1.0,
        "y" : 0.0,
        "z" : 0.0
      },
      "color" : "#E4E4EB"
    }, {
      "direction" : {
        "x" : 0.0,
        "y" : 0.0,
        "z" : -1.0
      },
      "color" : "#1E1E1E"
    } ]
  },
  "camera" : {
    "lookDirection" : {
      "x" : -0.06325826,
      "y" : 0.5886199,
      "z" : 0.80593234
    },
    "upDirection" : {
      "x" : 0.8803585,
      "y" : -0.3474564,
      "z" : 0.3228703
    },
    "lookAtPoint" : {
      "x" : 0.0,
      "y" : 0.0,
      "z" : 0.0
    },
    "viewDistance" : 1788.0472,
    "nearClipDistance" : 4.470118,
    "farClipDistance" : 3576.1028,
    "fieldOfView" : 0.44262937,
    "perspective" : true,
    "stereo" : false,
    "width" : 804.62213,
    "position" : {
      "x" : 113.10876,
      "y" : -1052.4802,
      "z" : -1441.045
    }
  },
  "embedding" : [ 1.0, 0.0, 0.0, 0.0, 0.0, 1.0, 0.0, 0.0, 0.0, 0.0, 1.0, 0.0, 0.0, 0.0, 0.0, 1.0 ],
  "shapes" : [ {
    "id" : "470216e9-38db-4441-9053-e8e663bb7d7f",
    "vertices" : [ {
      "x" : 2.618034,
      "y" : 1.736068,
      "z" : 0.309017
    }, {
      "x" : 4.236068,
      "y" : 2.5,
      "z" : 0.309017
    }, {
      "x" : 4.045085,
      "y" : 2.809017,
      "z" : 0.19098301
    }, {
      "x" : 0.809017,
      "y" : 0.618034,
      "z" : -0.309017
    }, {
      "x" : 0.690983,
      "y" : 0.809017,
      "z" : 0.0
    }, {
      "x" : 2.5,
      "y" : 1.927051,
      "z" : 0.0
    }, {
      "x" : 2.618034,
      "y" : 1.736068,
      "z" : -0.309017
    }, {
      "x" : 6.045085,
      "y" : 3.618034,
      "z" : 0.309017
    }, {
      "x" : 2.809017,
      "y" : 1.427051,
      "z" : 0.19098301
    }, {
      "x" : 2.809017,
      "y" : 1.427051,
      "z" : -0.19098301
    }, {
      "x" : 4.354102,
      "y" : 2.309017,
      "z" : 0.0
    }, {
      "x" : 4.236068,
      "y" : 2.5,
      "z" : -0.309017
    }, {
      "x" : 6.163119,
      "y" : 3.427051,
      "z" : 0.0
    }, {
      "x" : 1.0,
      "y" : 0.309017,
      "z" : 0.19098301
    }, {
      "x" : 1.0,
      "y" : 0.309017,
      "z" : -0.19098301
    }, {
      "x" : 0.809017,
      "y" : 0.618034,
      "z" : 0.309017
    }, {
      "x" : 5.854102,
      "y" : 3.927051,
      "z" : 0.19098301
    }, {
      "x" : 6.045085,
      "y" : 3.618034,
      "z" : -0.309017
    }, {
      "x" : 5.854102,
      "y" : 3.927051,
      "z" : -0.19098301
    }, {
      "x" : 6.854102,
      "y" : 4.236068,
      "z" : 0.0
    }, {
      "x" : 4.045085,
      "y" : 2.809017,
      "z" : -0.19098301
    } ],
    "faces" : [ {
      "vertices" : [ 3, 6, 9 ]
    }, {
      "vertices" : [ 3, 9, 14 ]
    }, {
      "vertices" : [ 11, 20, 18 ]
    }, {
      "vertices" : [ 11, 18, 17 ]
    }, {
      "vertices" : [ 0, 1, 2 ]
    }, {
      "vertices" : [ 0, 15, 13 ]
    }, {
      "vertices" : [ 0, 13, 8 ]
    }, {
      "vertices" : [ 6, 20, 11 ]
    }, {
      "vertices" : [ 0, 2, 5 ]
    }, {
      "vertices" : [ 0, 8, 1 ]
    }, {
      "vertices" : [ 8, 13, 14 ]
    }, {
      "vertices" : [ 8, 14, 9 ]
    }, {
      "vertices" : [ 3, 4, 5 ]
    }, {
      "vertices" : [ 3, 5, 6 ]
    }, {
      "vertices" : [ 10, 11, 17 ]
    }, {
      "vertices" : [ 10, 17, 12 ]
    }, {
      "vertices" : [ 1, 8, 10 ]
    }, {
      "vertices" : [ 0, 5, 4 ]
    }, {
      "vertices" : [ 0, 4, 15 ]
    }, {
      "vertices" : [ 2, 16, 18 ]
    }, {
      "vertices" : [ 2, 18, 20 ]
    }, {
      "vertices" : [ 1, 7, 16 ]
    }, {
      "vertices" : [ 1, 16, 2 ]
    }, {
      "vertices" : [ 6, 11, 9 ]
    }, {
      "vertices" : [ 8, 9, 10 ]
    }, {
      "vertices" : [ 2, 20, 5 ]
    }, {
      "vertices" : [ 9, 11, 10 ]
    }, {
      "vertices" : [ 1, 10, 12 ]
    }, {
      "vertices" : [ 1, 12, 7 ]
    }, {
      "vertices" : [ 5, 20, 6 ]
    } ]
  }, {
    "id" : "66d84f47-bd0e-4e01-8584-f0ed218fc33a",
    "vertices" : [ {
      "x" : 0.309017,
      "y" : -0.809017,
      "z" : 0.618034
    }, {
      "x" : 0.809017,
      "y" : -0.618034,
      "z" : 0.309017
    }, {
      "x" : 0.618034,
      "y" : -0.309017,
      "z" : 0.809017
    }, {
      "x" : 1.0,
      "y" : 0.309017,
      "z" : 0.19098301
    }, {
      "x" : 0.809017,
      "y" : 0.618034,
      "z" : 0.309017
    }, {
      "x" : 0.618034,
      "y" : 0.309017,
      "z" : 0.809017
    }, {
      "x" : 0.809017,
      "y" : 0.0,
      "z" : 0.690983
    }, {
      "x" : 0.19098301,
      "y" : -1.0,
      "z" : 0.309017
    }, {
      "x" : -0.19098301,
      "y" : -1.0,
      "z" : 0.309017
    }, {
      "x" : -0.19098301,
      "y" : -1.0,
      "z" : -0.309017
    }, {
      "x" : 0.19098301,
      "y" : -1.0,
      "z" : -0.309017
    }, {
      "x" : 1.0,
      "y" : -0.309017,
      "z" : -0.19098301
    }, {
      "x" : 0.809017,
      "y" : -0.618034,
      "z" : -0.309017
    }, {
      "x" : 0.618034,
      "y" : -0.309017,
      "z" : -0.809017
    }, {
      "x" : 0.809017,
      "y" : 0.0,
      "z" : -0.690983
    }, {
      "x" : 0.0,
      "y" : 0.690983,
      "z" : -0.809017
    }, {
      "x" : 0.309017,
      "y" : 0.809017,
      "z" : -0.618034
    }, {
      "x" : 0.618034,
      "y" : 0.309017,
      "z" : -0.809017
    }, {
      "x" : 0.309017,
      "y" : 0.19098301,
      "z" : -1.0
    }, {
      "x" : 1.0,
      "y" : 0.309017,
      "z" : -0.19098301
    }, {
      "x" : -0.309017,
      "y" : -0.809017,
      "z" : 0.618034
    }, {
      "x" : 0.0,
      "y" : -0.690983,
      "z" : 0.809017
    }, {
      "x" : 0.809017,
      "y" : 0.618034,
      "z" : -0.309017
    }, {
      "x" : 0.690983,
      "y" : 0.809017,
      "z" : 0.0
    }, {
      "x" : -0.690983,
      "y" : 0.809017,
      "z" : 0.0
    }, {
      "x" : -0.809017,
      "y" : 0.618034,
      "z" : 0.309017
    }, {
      "x" : -0.309017,
      "y" : 0.809017,
      "z" : 0.618034
    }, {
      "x" : -0.19098301,
      "y" : 1.0,
      "z" : 0.309017
    }, {
      "x" : 0.309017,
      "y" : -0.19098301,
      "z" : -1.0
    }, {
      "x" : 0.19098301,
      "y" : 1.0,
      "z" : 0.309017
    }, {
      "x" : 0.309017,
      "y" : 0.809017,
      "z" : 0.618034
    }, {
      "x" : -0.809017,
      "y" : -0.618034,
      "z" : 0.309017
    }, {
      "x" : -0.690983,
      "y" : -0.809017,
      "z" : 0.0
    }, {
      "x" : 0.0,
      "y" : 0.690983,
      "z" : 0.809017
    }, {
      "x" : 0.309017,
      "y" : -0.809017,
      "z" : -0.618034
    }, {
      "x" : 0.0,
      "y" : -0.690983,
      "z" : -0.809017
    }, {
      "x" : -1.0,
      "y" : 0.309017,
      "z" : 0.19098301
    }, {
      "x" : -0.809017,
      "y" : 0.0,
      "z" : 0.690983
    }, {
      "x" : -0.618034,
      "y" : 0.309017,
      "z" : 0.809017
    }, {
      "x" : 1.0,
      "y" : -0.309017,
      "z" : 0.19098301
    }, {
      "x" : -0.309017,
      "y" : -0.809017,
      "z" : -0.618034
    }, {
      "x" : -1.0,
      "y" : 0.309017,
      "z" : -0.19098301
    }, {
      "x" : -1.0,
      "y" : -0.309017,
      "z" : -0.19098301
    }, {
      "x" : -1.0,
      "y" : -0.309017,
      "z" : 0.19098301
    }, {
      "x" : 0.19098301,
      "y" : 1.0,
      "z" : -0.309017
    }, {
      "x" : -0.809017,
      "y" : 0.618034,
      "z" : -0.309017
    }, {
      "x" : -0.19098301,
      "y" : 1.0,
      "z" : -0.309017
    }, {
      "x" : -0.309017,
      "y" : 0.809017,
      "z" : -0.618034
    }, {
      "x" : -0.618034,
      "y" : -0.309017,
      "z" : 0.809017
    }, {
      "x" : 0.309017,
      "y" : 0.19098301,
      "z" : 1.0
    }, {
      "x" : -0.309017,
      "y" : 0.19098301,
      "z" : -1.0
    }, {
      "x" : -0.309017,
      "y" : 0.19098301,
      "z" : 1.0
    }, {
      "x" : -0.309017,
      "y" : -0.19098301,
      "z" : 1.0
    }, {
      "x" : 0.309017,
      "y" : -0.19098301,
      "z" : 1.0
    }, {
      "x" : 0.690983,
      "y" : -0.809017,
      "z" : 0.0
    }, {
      "x" : -0.809017,
      "y" : 0.0,
      "z" : -0.690983
    }, {
      "x" : -0.618034,
      "y" : -0.309017,
      "z" : -0.809017
    }, {
      "x" : -0.309017,
      "y" : -0.19098301,
      "z" : -1.0
    }, {
      "x" : -0.618034,
      "y" : 0.309017,
      "z" : -0.809017
    }, {
      "x" : -0.809017,
      "y" : -0.618034,
      "z" : -0.309017
    } ],
    "faces" : [ {
      "vertices" : [ 9, 40, 35 ]
    }, {
      "vertices" : [ 9, 35, 34 ]
    }, {
      "vertices" : [ 9, 34, 10 ]
    }, {
      "vertices" : [ 0, 1, 2 ]
    }, {
      "vertices" : [ 33, 51, 49 ]
    }, {
      "vertices" : [ 25, 36, 37 ]
    }, {
      "vertices" : [ 25, 37, 38 ]
    }, {
      "vertices" : [ 41, 55, 42 ]
    }, {
      "vertices" : [ 9, 32, 59 ]
    }, {
      "vertices" : [ 9, 59, 40 ]
    }, {
      "vertices" : [ 20, 21, 52 ]
    }, {
      "vertices" : [ 20, 52, 48 ]
    }, {
      "vertices" : [ 26, 33, 30 ]
    }, {
      "vertices" : [ 26, 30, 29 ]
    }, {
      "vertices" : [ 26, 29, 27 ]
    }, {
      "vertices" : [ 3, 4, 5 ]
    }, {
      "vertices" : [ 3, 5, 6 ]
    }, {
      "vertices" : [ 27, 29, 44 ]
    }, {
      "vertices" : [ 27, 44, 46 ]
    }, {
      "vertices" : [ 50, 57, 56 ]
    }, {
      "vertices" : [ 50, 56, 55 ]
    }, {
      "vertices" : [ 50, 55, 58 ]
    }, {
      "vertices" : [ 26, 38, 51 ]
    }, {
      "vertices" : [ 26, 51, 33 ]
    }, {
      "vertices" : [ 45, 47, 58 ]
    }, {
      "vertices" : [ 18, 28, 57 ]
    }, {
      "vertices" : [ 18, 57, 50 ]
    }, {
      "vertices" : [ 40, 59, 56 ]
    }, {
      "vertices" : [ 31, 48, 37 ]
    }, {
      "vertices" : [ 31, 37, 43 ]
    }, {
      "vertices" : [ 7, 8, 9 ]
    }, {
      "vertices" : [ 7, 9, 10 ]
    }, {
      "vertices" : [ 36, 41, 42 ]
    }, {
      "vertices" : [ 36, 42, 43 ]
    }, {
      "vertices" : [ 24, 46, 47 ]
    }, {
      "vertices" : [ 24, 47, 45 ]
    }, {
      "vertices" : [ 4, 30, 5 ]
    }, {
      "vertices" : [ 15, 47, 46 ]
    }, {
      "vertices" : [ 15, 46, 44 ]
    }, {
      "vertices" : [ 15, 44, 16 ]
    }, {
      "vertices" : [ 15, 50, 58 ]
    }, {
      "vertices" : [ 15, 58, 47 ]
    }, {
      "vertices" : [ 24, 45, 41 ]
    }, {
      "vertices" : [ 24, 41, 36 ]
    }, {
      "vertices" : [ 24, 36, 25 ]
    }, {
      "vertices" : [ 11, 14, 19 ]
    }, {
      "vertices" : [ 3, 6, 39 ]
    }, {
      "vertices" : [ 1, 39, 6 ]
    }, {
      "vertices" : [ 1, 6, 2 ]
    }, {
      "vertices" : [ 8, 32, 9 ]
    }, {
      "vertices" : [ 11, 12, 13 ]
    }, {
      "vertices" : [ 11, 13, 14 ]
    }, {
      "vertices" : [ 16, 22, 17 ]
    }, {
      "vertices" : [ 0, 21, 20 ]
    }, {
      "vertices" : [ 0, 20, 8 ]
    }, {
      "vertices" : [ 0, 8, 7 ]
    }, {
      "vertices" : [ 12, 34, 13 ]
    }, {
      "vertices" : [ 35, 40, 56 ]
    }, {
      "vertices" : [ 35, 56, 57 ]
    }, {
      "vertices" : [ 0, 7, 54 ]
    }, {
      "vertices" : [ 0, 54, 1 ]
    }, {
      "vertices" : [ 15, 16, 17 ]
    }, {
      "vertices" : [ 15, 17, 18 ]
    }, {
      "vertices" : [ 3, 19, 22 ]
    }, {
      "vertices" : [ 3, 22, 23 ]
    }, {
      "vertices" : [ 3, 23, 4 ]
    }, {
      "vertices" : [ 7, 10, 54 ]
    }, {
      "vertices" : [ 41, 45, 58 ]
    }, {
      "vertices" : [ 41, 58, 55 ]
    }, {
      "vertices" : [ 3, 39, 11 ]
    }, {
      "vertices" : [ 3, 11, 19 ]
    }, {
      "vertices" : [ 14, 17, 22 ]
    }, {
      "vertices" : [ 14, 22, 19 ]
    }, {
      "vertices" : [ 0, 2, 53 ]
    }, {
      "vertices" : [ 0, 53, 21 ]
    }, {
      "vertices" : [ 49, 51, 52 ]
    }, {
      "vertices" : [ 49, 52, 53 ]
    }, {
      "vertices" : [ 31, 43, 42 ]
    }, {
      "vertices" : [ 31, 42, 59 ]
    }, {
      "vertices" : [ 31, 59, 32 ]
    }, {
      "vertices" : [ 15, 18, 50 ]
    }, {
      "vertices" : [ 42, 55, 56 ]
    }, {
      "vertices" : [ 42, 56, 59 ]
    }, {
      "vertices" : [ 4, 23, 29 ]
    }, {
      "vertices" : [ 4, 29, 30 ]
    }, {
      "vertices" : [ 25, 38, 26 ]
    }, {
      "vertices" : [ 13, 28, 18 ]
    }, {
      "vertices" : [ 13, 18, 17 ]
    }, {
      "vertices" : [ 13, 17, 14 ]
    }, {
      "vertices" : [ 8, 20, 31 ]
    }, {
      "vertices" : [ 8, 31, 32 ]
    }, {
      "vertices" : [ 23, 44, 29 ]
    }, {
      "vertices" : [ 24, 27, 46 ]
    }, {
      "vertices" : [ 37, 48, 52 ]
    }, {
      "vertices" : [ 37, 52, 51 ]
    }, {
      "vertices" : [ 37, 51, 38 ]
    }, {
      "vertices" : [ 20, 48, 31 ]
    }, {
      "vertices" : [ 24, 25, 26 ]
    }, {
      "vertices" : [ 24, 26, 27 ]
    }, {
      "vertices" : [ 16, 44, 23 ]
    }, {
      "vertices" : [ 16, 23, 22 ]
    }, {
      "vertices" : [ 13, 34, 35 ]
    }, {
      "vertices" : [ 13, 35, 28 ]
    }, {
      "vertices" : [ 10, 34, 12 ]
    }, {
      "vertices" : [ 10, 12, 54 ]
    }, {
      "vertices" : [ 2, 6, 5 ]
    }, {
      "vertices" : [ 2, 5, 49 ]
    }, {
      "vertices" : [ 2, 49, 53 ]
    }, {
      "vertices" : [ 36, 43, 37 ]
    }, {
      "vertices" : [ 5, 30, 33 ]
    }, {
      "vertices" : [ 5, 33, 49 ]
    }, {
      "vertices" : [ 1, 54, 12 ]
    }, {
      "vertices" : [ 1, 12, 11 ]
    }, {
      "vertices" : [ 1, 11, 39 ]
    }, {
      "vertices" : [ 28, 35, 57 ]
    }, {
      "vertices" : [ 21, 53, 52 ]
    } ]
  }, {
    "id" : "007f2bde-6f99-4a3b-9c8b-eba05cce6607",
    "vertices" : [ {
      "x" : 7.472136,
      "y" : 0.309017,
      "z" : 0.19098301
    }, {
      "x" : 7.472136,
      "y" : 0.309017,
      "z" : -0.19098301
    }, {
      "x" : 1.0,
      "y" : 0.309017,
      "z" : -0.19098301
    }, {
      "x" : 1.0,
      "y" : 0.309017,
      "z" : 0.19098301
    }, {
      "x" : 7.472136,
      "y" : -0.309017,
      "z" : 0.19098301
    }, {
      "x" : 1.0,
      "y" : -0.309017,
      "z" : 0.19098301
    }, {
      "x" : 1.0,
      "y" : -0.309017,
      "z" : -0.19098301
    }, {
      "x" : 7.472136,
      "y" : -0.309017,
      "z" : -0.19098301
    }, {
      "x" : 8.472136,
      "y" : 0.0,
      "z" : 0.0
    } ],
    "faces" : [ {
      "vertices" : [ 1, 7, 6 ]
    }, {
      "vertices" : [ 1, 6, 2 ]
    }, {
      "vertices" : [ 0, 1, 2 ]
    }, {
      "vertices" : [ 0, 2, 3 ]
    }, {
      "vertices" : [ 4, 5, 6 ]
    }, {
      "vertices" : [ 4, 6, 7 ]
    }, {
      "vertices" : [ 0, 3, 5 ]
    }, {
      "vertices" : [ 0, 5, 4 ]
    } ]
  } ],
  "instances" : [ {
    "shape" : "470216e9-38db-4441-9053-e8e663bb7d7f",
    "color" : "#AF0000",
    "position" : {
      "x" : 88.72136,
      "y" : 40.742645,
      "z" : -59.068882
    },
    "orientation" : 0
  }, {
    "shape" : "66d84f47-bd0e-4e01-8584-f0ed218fc33a",
    "color" : "#FFFFFF",
    "position" : {
      "x" : 25.416409,
      "y" : 54.832817,
      "z" : -75.01315
    }
  }, {
    "shape" : "470216e9-38db-4441-9053-e8e663bb7d7f",
    "color" : "#AF0000",
    "position" : {
      "x" : 19.326239,
      "y" : -3.0,
      "z" : 93.95743
    },
    "orientation" : 17
  }, {
    "shape" : "007f2bde-6f99-4a3b-9c8b-eba05cce6607",
    "color" : "#007695",
    "position" : {
      "x" : -96.33939,
      "y" : -53.068882,
      "z" : -71.777084
    },
    "orientation" : 8
  }, {
    "shape" : "470216e9-38db-4441-9053-e8e663bb7d7f",
    "color" : "#AF0000",
    "position" : {
      "x" : 19.326239,
      "y" : 65.54102,
      "z" : 51.59675
    },
    "orientation" : 17
  }, {
    "shape" : "007f2bde-6f99-4a3b-9c8b-eba05cce6607",
    "color" : "#007695",
    "position" : {
      "x" : 78.63119,
      "y" : -85.24922,
      "z" : 48.832817
    },
    "orientation" : 51
  }, {
    "shape" : "66d84f47-bd0e-4e01-8584-f0ed218fc33a",
    "color" : "#FFFFFF",
    "position" : {
      "x" : 27.798374,
      "y" : 72.39512,
      "z" : 33.652477
    }
  }, {
    "shape" : "007f2bde-6f99-4a3b-9c8b-eba05cce6607",
    "color" : "#007695",
    "position" : {
      "x" : 33.888542,
      "y" : 34.27051,
      "z" : -76.01315
    },
    "orientation" : 8
  }, {
    "shape" : "470216e9-38db-4441-9053-e8e663bb7d7f",
    "color" : "#AF0000",
    "position" : {
      "x" : 16.708204,
      "y" : 6.472136,
      "z" : 78.63119
    },
    "orientation" : 0
  }, {
    "shape" : "66d84f47-bd0e-4e01-8584-f0ed218fc33a",
    "color" : "#FFFFFF",
    "position" : {
      "x" : -81.867256,
      "y" : 25.18034,
      "z" : 20.944271
    }
  }, {
    "shape" : "007f2bde-6f99-4a3b-9c8b-eba05cce6607",
    "color" : "#007695",
    "position" : {
      "x" : -103.1935,
      "y" : -29.888544,
      "z" : -88.72136
    },
    "orientation" : 8
  }, {
    "shape" : "007f2bde-6f99-4a3b-9c8b-eba05cce6607",
    "color" : "#007695",
    "position" : {
      "x" : 40.742645,
      "y" : -57.45085,
      "z" : -16.708204
    },
    "orientation" : 51
  }, {
    "shape" : "007f2bde-6f99-4a3b-9c8b-eba05cce6607",
    "color" : "#007695",
    "position" : {
      "x" : 33.888542,
      "y" : 41.12461,
      "z" : -80.24922
    },
    "orientation" : 8
  }, {
    "shape" : "66d84f47-bd0e-4e01-8584-f0ed218fc33a",
    "color" : "#FFFFFF",
    "position" : {
      "x" : 61.686916,
      "y" : 86.103325,
      "z" : -29.652475
    }
  }, {
    "shape" : "007f2bde-6f99-4a3b-9c8b-eba05cce6607",
    "color" : "#007695",
    "position" : {
      "x" : 58.068882,
      "y" : -36.27051,
      "z" : 10.708204
    },
    "orientation" : 8
  }, {
    "shape" : "007f2bde-6f99-4a3b-9c8b-eba05cce6607",
    "color" : "#007695",
    "position" : {
      "x" : -26.652475,
      "y" : 45.978714,
      "z" : 96.95743
    },
    "orientation" : 8
  }, {
    "shape" : "007f2bde-6f99-4a3b-9c8b-eba05cce6607",
    "color" : "#007695",
    "position" : {
      "x" : 9.09017,
      "y" : -88.103325,
      "z" : -1.381966
    },
    "orientation" : 51
  }, {
    "shape" : "007f2bde-6f99-4a3b-9c8b-eba05cce6607",
    "color" : "#007695",
    "position" : {
      "x" : 16.944271,
      "y" : 34.27051,
      "z" : -48.59675
    },
    "orientation" : 51
  }, {
    "shape" : "470216e9-38db-4441-9053-e8e663bb7d7f",
    "color" : "#AF0000",
    "position" : {
      "x" : 1.618034,
      "y" : -59.068882,
      "z" : 20.18034
    },
    "orientation" : 17
  }, {
    "shape" : "470216e9-38db-4441-9053-e8e663bb7d7f",
    "color" : "#AF0000",
    "position" : {
      "x" : 15.09017,
      "y" : 92.95743,
      "z" : 41.506577
    },
    "orientation" : 17
  }, {
    "shape" : "470216e9-38db-4441-9053-e8e663bb7d7f",
    "color" : "#AF0000",
    "position" : {
      "x" : 81.867256,
      "y" : 84.48529,
      "z" : -88.72136
    },
    "orientation" : 0
  }, {
    "shape" : "007f2bde-6f99-4a3b-9c8b-eba05cce6607",
    "color" : "#007695",
    "position" : {
      "x" : 57.068882,
      "y" : 16.944271,
      "z" : -47.978714
    },
    "orientation" : 8
  }, {
    "shape" : "470216e9-38db-4441-9053-e8e663bb7d7f",
    "color" : "#AF0000",
    "position" : {
      "x" : -75.777084,
      "y" : -19.798374,
      "z" : -84.48529
    },
    "orientation" : 0
  }, {
    "shape" : "007f2bde-6f99-4a3b-9c8b-eba05cce6607",
    "color" : "#007695",
    "position" : {
      "x" : 75.01315,
      "y" : -91.103325,
      "z" : 17.18034
    },
    "orientation" : 10
  }, {
    "shape" : "470216e9-38db-4441-9053-e8e663bb7d7f",
    "color" : "#AF0000",
    "position" : {
      "x" : 95.57546,
      "y" : -64.68692,
      "z" : 8.708204
    },
    "orientation" : 46
  }, {
    "shape" : "470216e9-38db-4441-9053-e8e663bb7d7f",
    "color" : "#AF0000",
    "position" : {
      "x" : 3.0,
      "y" : 80.24922,
      "z" : 27.798374
    },
    "orientation" : 17
  }, {
    "shape" : "470216e9-38db-4441-9053-e8e663bb7d7f",
    "color" : "#AF0000",
    "position" : {
      "x" : 15.09017,
      "y" : 58.686916,
      "z" : 62.686916
    },
    "orientation" : 17
  }, {
    "shape" : "007f2bde-6f99-4a3b-9c8b-eba05cce6607",
    "color" : "#007695",
    "position" : {
      "x" : -22.562305,
      "y" : -9.09017,
      "z" : -53.832817
    },
    "orientation" : 51
  }, {
    "shape" : "470216e9-38db-4441-9053-e8e663bb7d7f",
    "color" : "#AF0000",
    "position" : {
      "x" : -12.326238,
      "y" : 14.326238,
      "z" : 79.63119
    },
    "orientation" : 46
  }, {
    "shape" : "66d84f47-bd0e-4e01-8584-f0ed218fc33a",
    "color" : "#FFFFFF",
    "position" : {
      "x" : 43.36068,
      "y" : -46.36068,
      "z" : -14.09017
    }
  }, {
    "shape" : "66d84f47-bd0e-4e01-8584-f0ed218fc33a",
    "color" : "#FFFFFF",
    "position" : {
      "x" : 25.416409,
      "y" : -82.24922,
      "z" : 9.708204
    }
  }, {
    "shape" : "007f2bde-6f99-4a3b-9c8b-eba05cce6607",
    "color" : "#007695",
    "position" : {
      "x" : 73.39512,
      "y" : 2.236068,
      "z" : -24.18034
    },
    "orientation" : 10
  }, {
    "shape" : "66d84f47-bd0e-4e01-8584-f0ed218fc33a",
    "color" : "#FFFFFF",
    "position" : {
      "x" : 60.686916,
      "y" : 22.798374,
      "z" : -16.326239
    }
  }, {
    "shape" : "66d84f47-bd0e-4e01-8584-f0ed218fc33a",
    "color" : "#FFFFFF",
    "position" : {
      "x" : -58.686916,
      "y" : 28.416409,
      "z" : 36.27051
    }
  }, {
    "shape" : "470216e9-38db-4441-9053-e8e663bb7d7f",
    "color" : "#AF0000",
    "position" : {
      "x" : 33.652477,
      "y" : -20.944271,
      "z" : 68.15905
    },
    "orientation" : 17
  }, {
    "shape" : "007f2bde-6f99-4a3b-9c8b-eba05cce6607",
    "color" : "#007695",
    "position" : {
      "x" : 2.236068,
      "y" : 24.18034,
      "z" : -73.39512
    },
    "orientation" : 8
  }, {
    "shape" : "470216e9-38db-4441-9053-e8e663bb7d7f",
    "color" : "#AF0000",
    "position" : {
      "x" : -29.416409,
      "y" : 14.09017,
      "z" : -70.777084
    },
    "orientation" : 46
  }, {
    "shape" : "470216e9-38db-4441-9053-e8e663bb7d7f",
    "color" : "#AF0000",
    "position" : {
      "x" : -75.777084,
      "y" : -47.214783,
      "z" : -67.54102
    },
    "orientation" : 46
  }, {
    "shape" : "470216e9-38db-4441-9053-e8e663bb7d7f",
    "color" : "#AF0000",
    "position" : {
      "x" : 36.506577,
      "y" : 24.798374,
      "z" : -60.686916
    },
    "orientation" : 46
  }, {
    "shape" : "66d84f47-bd0e-4e01-8584-f0ed218fc33a",
    "color" : "#FFFFFF",
    "position" : {
      "x" : 10.09017,
      "y" : -59.068882,
      "z" : 6.472136
    }
  }, {
    "shape" : "66d84f47-bd0e-4e01-8584-f0ed218fc33a",
    "color" : "#FFFFFF",
    "position" : {
      "x" : 16.944271,
      "y" : -68.54102,
      "z" : 14.944272
    }
  }, {
    "shape" : "470216e9-38db-4441-9053-e8e663bb7d7f",
    "color" : "#AF0000",
    "position" : {
      "x" : -48.36068,
      "y" : -2.854102,
      "z" : -84.48529
    },
    "orientation" : 46
  }, {
    "shape" : "470216e9-38db-4441-9053-e8e663bb7d7f",
    "color" : "#AF0000",
    "position" : {
      "x" : 12.472136,
      "y" : 88.72136,
      "z" : 34.652477
    },
    "orientation" : 0
  }, {
    "shape" : "470216e9-38db-4441-9053-e8e663bb7d7f",
    "color" : "#AF0000",
    "position" : {
      "x" : -34.12461,
      "y" : 88.72136,
      "z" : 110.0476
    },
    "orientation" : 0
  }, {
    "shape" : "470216e9-38db-4441-9053-e8e663bb7d7f",
    "color" : "#AF0000",
    "position" : {
      "x" : 57.45085,
      "y" : 72.39512,
      "z" : -14.326238
    },
    "orientation" : 17
  }, {
    "shape" : "66d84f47-bd0e-4e01-8584-f0ed218fc33a",
    "color" : "#FFFFFF",
    "position" : {
      "x" : -42.36068,
      "y" : 47.978714,
      "z" : 38.888542
    }
  }, {
    "shape" : "007f2bde-6f99-4a3b-9c8b-eba05cce6607",
    "color" : "#007695",
    "position" : {
      "x" : 17.326239,
      "y" : 76.01315,
      "z" : -6.472136
    },
    "orientation" : 10
  }, {
    "shape" : "007f2bde-6f99-4a3b-9c8b-eba05cce6607",
    "color" : "#007695",
    "position" : {
      "x" : -37.888542,
      "y" : -54.45085,
      "z" : -14.708204
    },
    "orientation" : 8
  }, {
    "shape" : "007f2bde-6f99-4a3b-9c8b-eba05cce6607",
    "color" : "#007695",
    "position" : {
      "x" : -68.15905,
      "y" : 33.652477,
      "z" : 20.944271
    },
    "orientation" : 8
  }, {
    "shape" : "007f2bde-6f99-4a3b-9c8b-eba05cce6607",
    "color" : "#007695",
    "position" : {
      "x" : 57.068882,
      "y" : -51.59675,
      "z" : -5.618034
    },
    "orientation" : 10
  }, {
    "shape" : "007f2bde-6f99-4a3b-9c8b-eba05cce6607",
    "color" : "#007695",
    "position" : {
      "x" : 14.09017,
      "y" : 43.36068,
      "z" : 46.36068
    },
    "orientation" : 51
  }, {
    "shape" : "007f2bde-6f99-4a3b-9c8b-eba05cce6607",
    "color" : "#007695",
    "position" : {
      "x" : -18.798374,
      "y" : 58.686916,
      "z" : 117.51973
    },
    "orientation" : 51
  }, {
    "shape" : "470216e9-38db-4441-9053-e8e663bb7d7f",
    "color" : "#AF0000",
    "position" : {
      "x" : 54.832817,
      "y" : 68.15905,
      "z" : -21.18034
    },
    "orientation" : 46
  }, {
    "shape" : "66d84f47-bd0e-4e01-8584-f0ed218fc33a",
    "color" : "#FFFFFF",
    "position" : {
      "x" : 64.92299,
      "y" : -80.01315,
      "z" : 40.36068
    }
  }, {
    "shape" : "007f2bde-6f99-4a3b-9c8b-eba05cce6607",
    "color" : "#007695",
    "position" : {
      "x" : -12.944272,
      "y" : 54.45085,
      "z" : 96.95743
    },
    "orientation" : 51
  }, {
    "shape" : "470216e9-38db-4441-9053-e8e663bb7d7f",
    "color" : "#AF0000",
    "position" : {
      "x" : 10.854102,
      "y" : 65.54102,
      "z" : 65.304955
    },
    "orientation" : 46
  }, {
    "shape" : "470216e9-38db-4441-9053-e8e663bb7d7f",
    "color" : "#AF0000",
    "position" : {
      "x" : 37.888542,
      "y" : 81.867256,
      "z" : -2.236068
    },
    "orientation" : 46
  }, {
    "shape" : "66d84f47-bd0e-4e01-8584-f0ed218fc33a",
    "color" : "#FFFFFF",
    "position" : {
      "x" : 14.09017,
      "y" : 84.48529,
      "z" : 20.944271
    }
  }, {
    "shape" : "470216e9-38db-4441-9053-e8e663bb7d7f",
    "color" : "#AF0000",
    "position" : {
      "x" : -18.326239,
      "y" : 11.472136,
      "z" : -73.39512
    },
    "orientation" : 17
  }, {
    "shape" : "66d84f47-bd0e-4e01-8584-f0ed218fc33a",
    "color" : "#FFFFFF",
    "position" : {
      "x" : -52.45085,
      "y" : 52.214783,
      "z" : 66.304955
    }
  }, {
    "shape" : "470216e9-38db-4441-9053-e8e663bb7d7f",
    "color" : "#AF0000",
    "position" : {
      "x" : -33.888542,
      "y" : 20.562305,
      "z" : 42.12461
    },
    "orientation" : 0
  }, {
    "shape" : "66d84f47-bd0e-4e01-8584-f0ed218fc33a",
    "color" : "#FFFFFF",
    "position" : {
      "x" : 10.854102,
      "y" : 86.103325,
      "z" : 52.59675
    }
  }, {
    "shape" : "007f2bde-6f99-4a3b-9c8b-eba05cce6607",
    "color" : "#007695",
    "position" : {
      "x" : 27.034441,
      "y" : 23.18034,
      "z" : -71.777084
    },
    "orientation" : 8
  }, {
    "shape" : "470216e9-38db-4441-9053-e8e663bb7d7f",
    "color" : "#AF0000",
    "position" : {
      "x" : -48.214783,
      "y" : 59.068882,
      "z" : 55.214783
    },
    "orientation" : 17
  }, {
    "shape" : "470216e9-38db-4441-9053-e8e663bb7d7f",
    "color" : "#AF0000",
    "position" : {
      "x" : -18.326239,
      "y" : -9.09017,
      "z" : -60.686916
    },
    "orientation" : 46
  }, {
    "shape" : "470216e9-38db-4441-9053-e8e663bb7d7f",
    "color" : "#AF0000",
    "position" : {
      "x" : -68.54102,
      "y" : -21.798374,
      "z" : -12.708204
    },
    "orientation" : 46
  }, {
    "shape" : "007f2bde-6f99-4a3b-9c8b-eba05cce6607",
    "color" : "#007695",
    "position" : {
      "x" : 61.30495,
      "y" : 58.068882,
      "z" : -80.24922
    },
    "orientation" : 8
  }, {
    "shape" : "66d84f47-bd0e-4e01-8584-f0ed218fc33a",
    "color" : "#FFFFFF",
    "position" : {
      "x" : 31.034441,
      "y" : 70.777084,
      "z" : 2.0
    }
  }, {
    "shape" : "007f2bde-6f99-4a3b-9c8b-eba05cce6607",
    "color" : "#007695",
    "position" : {
      "x" : 84.48529,
      "y" : -75.777084,
      "z" : 19.798374
    },
    "orientation" : 8
  }, {
    "shape" : "470216e9-38db-4441-9053-e8e663bb7d7f",
    "color" : "#AF0000",
    "position" : {
      "x" : -59.30495,
      "y" : 47.978714,
      "z" : 66.304955
    },
    "orientation" : 46
  }, {
    "shape" : "007f2bde-6f99-4a3b-9c8b-eba05cce6607",
    "color" : "#007695",
    "position" : {
      "x" : 71.777084,
      "y" : 88.72136,
      "z" : -61.30495
    },
    "orientation" : 10
  }, {
    "shape" : "007f2bde-6f99-4a3b-9c8b-eba05cce6607",
    "color" : "#007695",
    "position" : {
      "x" : 24.18034,
      "y" : 73.39512,
      "z" : -2.236068
    },
    "orientation" : 51
  }, {
    "shape" : "470216e9-38db-4441-9053-e8e663bb7d7f",
    "color" : "#AF0000",
    "position" : {
      "x" : 30.034441,
      "y" : -33.652477,
      "z" : 40.742645
    },
    "orientation" : 17
  }, {
    "shape" : "470216e9-38db-4441-9053-e8e663bb7d7f",
    "color" : "#AF0000",
    "position" : {
      "x" : -17.562305,
      "y" : 60.686916,
      "z" : 32.034443
    },
    "orientation" : 46
  }, {
    "shape" : "66d84f47-bd0e-4e01-8584-f0ed218fc33a",
    "color" : "#FFFFFF",
    "position" : {
      "x" : 36.506577,
      "y" : 31.652475,
      "z" : -64.92299
    }
  }, {
    "shape" : "007f2bde-6f99-4a3b-9c8b-eba05cce6607",
    "color" : "#007695",
    "position" : {
      "x" : 82.867256,
      "y" : 86.103325,
      "z" : -63.922985
    },
    "orientation" : 51
  }, {
    "shape" : "007f2bde-6f99-4a3b-9c8b-eba05cce6607",
    "color" : "#007695",
    "position" : {
      "x" : 32.27051,
      "y" : -64.304955,
      "z" : 1.236068
    },
    "orientation" : 51
  }, {
    "shape" : "007f2bde-6f99-4a3b-9c8b-eba05cce6607",
    "color" : "#007695",
    "position" : {
      "x" : 20.18034,
      "y" : -97.57546,
      "z" : 0.23606798
    },
    "orientation" : 51
  }, {
    "shape" : "470216e9-38db-4441-9053-e8e663bb7d7f",
    "color" : "#AF0000",
    "position" : {
      "x" : 63.922985,
      "y" : -109.0476,
      "z" : 32.506577
    },
    "orientation" : 46
  }, {
    "shape" : "470216e9-38db-4441-9053-e8e663bb7d7f",
    "color" : "#AF0000",
    "position" : {
      "x" : -66.15905,
      "y" : 50.59675,
      "z" : 62.068882
    },
    "orientation" : 0
  }, {
    "shape" : "66d84f47-bd0e-4e01-8584-f0ed218fc33a",
    "color" : "#FFFFFF",
    "position" : {
      "x" : -69.15905,
      "y" : 18.326239,
      "z" : 4.618034
    }
  }, {
    "shape" : "66d84f47-bd0e-4e01-8584-f0ed218fc33a",
    "color" : "#FFFFFF",
    "position" : {
      "x" : 80.24922,
      "y" : -55.214783,
      "z" : 13.944272
    }
  }, {
    "shape" : "66d84f47-bd0e-4e01-8584-f0ed218fc33a",
    "color" : "#FFFFFF",
    "position" : {
      "x" : 55.45085,
      "y" : -95.33939,
      "z" : 37.742645
    }
  }, {
    "shape" : "470216e9-38db-4441-9053-e8e663bb7d7f",
    "color" : "#AF0000",
    "position" : {
      "x" : 53.214783,
      "y" : -30.416409,
      "z" : 56.068882
    },
    "orientation" : 17
  }, {
    "shape" : "007f2bde-6f99-4a3b-9c8b-eba05cce6607",
    "color" : "#007695",
    "position" : {
      "x" : -20.944271,
      "y" : -33.888542,
      "z" : -54.832817
    },
    "orientation" : 10
  }, {
    "shape" : "66d84f47-bd0e-4e01-8584-f0ed218fc33a",
    "color" : "#FFFFFF",
    "position" : {
      "x" : 25.798374,
      "y" : -33.652477,
      "z" : 47.59675
    }
  }, {
    "shape" : "470216e9-38db-4441-9053-e8e663bb7d7f",
    "color" : "#AF0000",
    "position" : {
      "x" : 20.944271,
      "y" : -14.09017,
      "z" : 84.48529
    },
    "orientation" : 46
  }, {
    "shape" : "007f2bde-6f99-4a3b-9c8b-eba05cce6607",
    "color" : "#007695",
    "position" : {
      "x" : 88.72136,
      "y" : -34.652477,
      "z" : -12.472136
    },
    "orientation" : 10
  }, {
    "shape" : "470216e9-38db-4441-9053-e8e663bb7d7f",
    "color" : "#AF0000",
    "position" : {
      "x" : -31.034441,
      "y" : -2.236068,
      "z" : -44.36068
    },
    "orientation" : 46
  }, {
    "shape" : "470216e9-38db-4441-9053-e8e663bb7d7f",
    "color" : "#AF0000",
    "position" : {
      "x" : -46.36068,
      "y" : -40.742645,
      "z" : -9.472136
    },
    "orientation" : 0
  }, {
    "shape" : "007f2bde-6f99-4a3b-9c8b-eba05cce6607",
    "color" : "#007695",
    "position" : {
      "x" : -47.59675,
      "y" : 12.09017,
      "z" : 42.12461
    },
    "orientation" : 8
  }, {
    "shape" : "470216e9-38db-4441-9053-e8e663bb7d7f",
    "color" : "#AF0000",
    "position" : {
      "x" : 2.236068,
      "y" : 37.888542,
      "z" : -81.867256
    },
    "orientation" : 0
  }, {
    "shape" : "470216e9-38db-4441-9053-e8e663bb7d7f",
    "color" : "#AF0000",
    "position" : {
      "x" : 87.103325,
      "y" : 51.832817,
      "z" : -49.59675
    },
    "orientation" : 46
  }, {
    "shape" : "470216e9-38db-4441-9053-e8e663bb7d7f",
    "color" : "#AF0000",
    "position" : {
      "x" : 95.57546,
      "y" : 58.686916,
      "z" : -67.54102
    },
    "orientation" : 46
  }, {
    "shape" : "470216e9-38db-4441-9053-e8e663bb7d7f",
    "color" : "#AF0000",
    "position" : {
      "x" : -85.48529,
