{
  "field" : "golden",
  "symmetry" : "icosahedral",
  "orientations" : [ [ 1.0, 0.0, 0.0, 0.0, 0.0, 1.0, 0.0, 0.0, 0.0, 0.0, 1.0, 0.0, 0.0, 0.0, 0.0, 1.0 ], [ 0.0, 0.0, 1.0, 0.0, 1.0, 0.0, 0.0, 0.0, 0.0, 1.0, 0.0, 0.0, 0.0, 0.0, 0.0, 1.0 ], [ 0.0, 1.0, 0.0, 0.0, 0.0, 0.0, 1.0, 0.0, 1.0, 0.0, 0.0, 0.0, 0.0, 0.0, 0.0, 1.0 ], [ 0.809017, 0.309017, 0.5, 0.0, 0.309017, 0.5, -0.809017, 0.0, -0.5, 0.809017, 0.309017, 0.0, 0.0, 0.0, 0.0, 1.0 ], [ -0.5, 0.809017, 0.309017, 0.0, 0.809017, 0.309017, 0.5, 0.0, 0.309017, 0.5, -0.809017, 0.0, 0.0, 0.0, 0.0, 1.0 ], [ 0.309017, 0.5, -0.809017, 0.0, -0.5, 0.809017, 0.309017, 0.0, 0.809017, 0.309017, 0.5, 0.0, 0.0, 0.0, 0.0, 1.0 ], [ 0.5, 0.809017, 0.309017, 0.0, 0.809017, -0.309017, -0.5, 0.0, -0.309017, 0.5, -0.809017, 0.0, 0.0, 0.0, 0.0, 1.0 ], [ -0.309017, 0.5, -0.809017, 0.0, 0.5, 0.809017, 0.309017, 0.0, 0.809017, -0.309017, -0.5, 0.0, 0.0, 0.0, 0.0, 1.0 ], [ 0.809017, -0.309017, -0.5, 0.0, -0.309017, 0.5, -0.809017, 0.0, 0.5, 0.809017, 0.309017, 0.0, 0.0, 0.0, 0.0, 1.0 ], [ 0.5, 0.809017, -0.309017, 0.0, 0.809017, -0.309017, 0.5, 0.0, 0.309017, -0.5, -0.809017, 0.0, 0.0, 0.0, 0.0, 1.0 ], [ 0.309017, -0.5, -0.809017, 0.0, 0.5, 0.809017, -0.309017, 0.0, 0.809017, -0.309017, 0.5, 0.0, 0.0, 0.0, 0.0, 1.0 ], [ 0.809017, -0.309017, 0.5, 0.0, 0.309017, -0.5, -0.809017, 0.0, 0.5, 0.809017, -0.309017, 0.0, 0.0, 0.0, 0.0, 1.0 ], [ 0.809017, 0.309017, -0.5, 0.0, 0.309017, 0.5, 0.809017, 0.0, 0.5, -0.809017, 0.309017, 0.0, 0.0, 0.0, 0.0, 1.0 ], [ 0.5, -0.809017, 0.309017, 0.0, 0.809017, 0.309017, -0.5, 0.0, 0.309017, 0.5, 0.809017, 0.0, 0.0, 0.0, 0.0, 1.0 ], [ 0.309017, 0.5, 0.809017, 0.0, 0.5, -0.809017, 0.309017, 0.0, 0.809017, 0.309017, -0.5, 0.0, 0.0, 0.0, 0.0, 1.0 ], [ 1.0, 0.0, 0.0, 0.0, 0.0, -1.0, 0.0, 0.0, 0.0, 0.0, -1.0, 0.0, 0.0, 0.0, 0.0, 1.0 ], [ 0.0, 0.0, 1.0, 0.0, -1.0, 0.0, 0.0, 0.0, 0.0, -1.0, 0.0, 0.0, 0.0, 0.0, 0.0, 1.0 ], [ 0.0, 1.0, 0.0, 0.0, 0.0, 0.0, -1.0, 0.0, -1.0, 0.0, 0.0, 0.0, 0.0, 0.0, 0.0, 1.0 ], [ 0.809017, 0.309017, 0.5, 0.0, -0.309017, -0.5, 0.809017, 0.0, 0.5, -0.809017, -0.309017, 0.0, 0.0, 0.0, 0.0, 1.0 ], [ -0.5, 0.809017, 0.309017, 0.0, -0.809017, -0.309017, -0.5, 0.0, -0.309017, -0.5, 0.809017, 0.0, 0.0, 0.0, 0.0, 1.0 ], [ 0.309017, 0.5, -0.809017, 0.0, 0.5, -0.809017, -0.309017, 0.0, -0.809017, -0.309017, -0.5, 0.0, 0.0, 0.0, 0.0, 1.0 ], [ 0.5, 0.809017, 0.309017, 0.0, -0.809017, 0.309017, 0.5, 0.0, 0.309017, -0.5, 0.809017, 0.0, 0.0, 0.0, 0.0, 1.0 ], [ -0.309017, 0.5, -0.809017, 0.0, -0.5, -0.809017, -0.309017, 0.0, -0.809017, 0.309017, 0.5, 0.0, 0.0, 0.0, 0.0, 1.0 ], [ 0.809017, -0.309017, -0.5, 0.0, 0.309017, -0.5, 0.809017, 0.0, -0.5, -0.809017, -0.309017, 0.0, 0.0, 0.0, 0.0, 1.0 ], [ 0.5, 0.809017, -0.309017, 0.0, -0.809017, 0.309017, -0.5, 0.0, -0.309017, 0.5, 0.809017, 0.0, 0.0, 0.0, 0.0, 1.0 ], [ 0.309017, -0.5, -0.809017, 0.0, -0.5, -0.809017, 0.309017, 0.0, -0.809017, 0.309017, -0.5, 0.0, 0.0, 0.0, 0.0, 1.0 ], [ 0.809017, -0.309017, 0.5, 0.0, -0.309017, 0.5, 0.809017, 0.0, -0.5, -0.809017, 0.309017, 0.0, 0.0, 0.0, 0.0, 1.0 ], [ 0.809017, 0.309017, -0.5, 0.0, -0.309017, -0.5, -0.809017, 0.0, -0.5, 0.809017, -0.309017, 0.0, 0.0, 0.0, 0.0, 1.0 ], [ 0.5, -0.809017, 0.309017, 0.0, -0.809017, -0.309017, 0.5, 0.0, -0.309017, -0.5, -0.809017, 0.0, 0.0, 0.0, 0.0, 1.0 ], [ 0.309017, 0.5, 0.809017, 0.0, -0.5, 0.809017, -0.309017, 0.0, -0.809017, -0.309017, 0.5, 0.0, 0.0, 0.0, 0.0, 1.0 ], [ -1.0, 0.0, 0.0, 0.0, 0.0, -1.0, 0.0, 0.0, 0.0, 0.0, 1.0, 0.0, 0.0, 0.0, 0.0, 1.0 ], [ 0.0, 0.0, -1.0, 0.0, -1.0, 0.0, 0.0, 0.0, 0.0, 1.0, 0.0, 0.0, 0.0, 0.0, 0.0, 1.0 ], [ 0.0, -1.0, 0.0, 0.0, 0.0, 0.0, -1.0, 0.0, 1.0, 0.0, 0.0, 0.0, 0.0, 0.0, 0.0, 1.0 ], [ -0.809017, -0.309017, -0.5, 0.0, -0.309017, -0.5, 0.809017, 0.0, -0.5, 0.809017, 0.309017, 0.0, 0.0, 0.0, 0.0, 1.0 ], [ 0.5, -0.809017, -0.309017, 0.0, -0.809017, -0.309017, -0.5, 0.0, 0.309017, 0.5, -0.809017, 0.0, 0.0, 0.0, 0.0, 1.0 ], [ -0.309017, -0.5, 0.809017, 0.0, 0.5, -0.809017, -0.309017, 0.0, 0.809017, 0.309017, 0.5, 0.0, 0.0, 0.0, 0.0, 1.0 ], [ -0.5, -0.809017, -0.309017, 0.0, -0.809017, 0.309017, 0.5, 0.0, -0.309017, 0.5, -0.809017, 0.0, 0.0, 0.0, 0.0, 1.0 ], [ 0.309017, -0.5, 0.809017, 0.0, -0.5, -0.809017, -0.309017, 0.0, 0.809017, -0.309017, -0.5, 0.0, 0.0, 0.0, 0.0, 1.0 ], [ -0.809017, 0.309017, 0.5, 0.0, 0.309017, -0.5, 0.809017, 0.0, 0.5, 0.809017, 0.309017, 0.0, 0.0, 0.0, 0.0, 1.0 ], [ -0.5, -0.809017, 0.309017, 0.0, -0.809017, 0.309017, -0.5, 0.0, 0.309017, -0.5, -0.809017, 0.0, 0.0, 0.0, 0.0, 1.0 ], [ -0.309017, 0.5, 0.809017, 0.0, -0.5, -0.809017, 0.309017, 0.0, 0.809017, -0.309017, 0.5, 0.0, 0.0, 0.0, 0.0, 1.0 ], [ -0.809017, 0.309017, -0.5, 0.0, -0.309017, 0.5, 0.809017, 0.0, 0.5, 0.809017, -0.309017, 0.0, 0.0, 0.0, 0.0, 1.0 ], [ -0.809017, -0.309017, 0.5, 0.0, -0.309017, -0.5, -0.809017, 0.0, 0.5, -0.809017, 0.309017, 0.0, 0.0, 0.0, 0.0, 1.0 ], [ -0.5, 0.809017, -0.309017, 0.0, -0.809017, -0.309017, 0.5, 0.0, 0.309017, 0.5, 0.809017, 0.0, 0.0, 0.0, 0.0, 1.0 ], [ -0.309017, -0.5, -0.809017, 0.0, -0.5, 0.809017, -0.309017, 0.0, 0.809017, 0.309017, -0.5, 0.0, 0.0, 0.0, 0.0, 1.0 ], [ -1.0, 0.0, 0.0, 0.0, 0.0, 1.0, 0.0, 0.0, 0.0, 0.0, -1.0, 0.0, 0.0, 0.0, 0.0, 1.0 ], [ 0.0, 0.0, -1.0, 0.0, 1.0, 0.0, 0.0, 0.0, 0.0, -1.0, 0.0, 0.0, 0.0, 0.0, 0.0, 1.0 ], [ 0.0, -1.0, 0.0, 0.0, 0.0, 0.0, 1.0, 0.0, -1.0, 0.0, 0.0, 0.0, 0.0, 0.0, 0.0, 1.0 ], [ -0.809017, -0.309017, -0.5, 0.0, 0.309017, 0.5, -0.809017, 0.0, 0.5, -0.809017, -0.309017, 0.0, 0.0, 0.0, 0.0, 1.0 ], [ 0.5, -0.809017, -0.309017, 0.0, 0.809017, 0.309017, 0.5, 0.0, -0.309017, -0.5, 0.809017, 0.0, 0.0, 0.0, 0.0, 1.0 ], [ -0.309017, -0.5, 0.809017, 0.0, -0.5, 0.809017, 0.309017, 0.0, -0.809017, -0.309017, -0.5, 0.0, 0.0, 0.0, 0.0, 1.0 ], [ -0.5, -0.809017, -0.309017, 0.0, 0.809017, -0.309017, -0.5, 0.0, 0.309017, -0.5, 0.809017, 0.0, 0.0, 0.0, 0.0, 1.0 ], [ 0.309017, -0.5, 0.809017, 0.0, 0.5, 0.809017, 0.309017, 0.0, -0.809017, 0.309017, 0.5, 0.0, 0.0, 0.0, 0.0, 1.0 ], [ -0.809017, 0.309017, 0.5, 0.0, -0.309017, 0.5, -0.809017, 0.0, -0.5, -0.809017, -0.309017, 0.0, 0.0, 0.0, 0.0, 1.0 ], [ -0.5, -0.809017, 0.309017, 0.0, 0.809017, -0.309017, 0.5, 0.0, -0.309017, 0.5, 0.809017, 0.0, 0.0, 0.0, 0.0, 1.0 ], [ -0.309017, 0.5, 0.809017, 0.0, 0.5, 0.809017, -0.309017, 0.0, -0.809017, 0.309017, -0.5, 0.0, 0.0, 0.0, 0.0, 1.0 ], [ -0.809017, 0.309017, -0.5, 0.0, 0.309017, -0.5, -0.809017, 0.0, -0.5, -0.809017, 0.309017, 0.0, 0.0, 0.0, 0.0, 1.0 ], [ -0.809017, -0.309017, 0.5, 0.0, 0.309017, 0.5, 0.809017, 0.0, -0.5, 0.809017, -0.309017, 0.0, 0.0, 0.0, 0.0, 1.0 ], [ -0.5, 0.809017, -0.309017, 0.0, 0.809017, 0.309017, -0.5, 0.0, -0.309017, -0.5, -0.809017, 0.0, 0.0, 0.0, 0.0, 1.0 ], [ -0.309017, -0.5, -0.809017, 0.0, 0.5, -0.809017, 0.309017, 0.0, -0.809017, -0.309017, 0.5, 0.0, 0.0, 0.0, 0.0, 1.0 ] ],
  "lights" : {
    "ambientColor" : "#292929",
    "backgroundColor" : "#AFC8DC",
    "directionalLights" : [ {
      "direction" : {
        "x" : 1.0,
        "y" : -1.0,
        "z" : -1.0
      },
      "color" : "#EBEBE4"
    }, {
      "direction" : {
        "x" : -1.0,
        "y" : 0.0,
        "z" : 0.0
      },
      "color" : "#E4E4EB"
    }, {
      "direction" : {
        "x" : 0.0,
        "y" : 0.0,
        "z" : -1.0
      },
      "color" : "#1E1E1E"
    } ]
  },
  "camera" : {
    "lookDirection" : {
      "x" : 0.63166225,
      "y" : -0.06255812,
      "z" : -0.77272
    },
    "upDirection" : {
      "x" : 0.60011053,
      "y" : -0.5915565,
      "z" : 0.53845924
    },
    "lookAtPoint" : {
      "x" : 0.0,
      "y" : 0.0,
      "z" : 0.0
    },
    "perspective" : true,
    "viewDistance" : 870.33606,
    "nearClipDistance" : 2.1758404,
    "farClipDistance" : 1740.6707,
    "fieldOfView" : 0.44262895,
    "width" : 391.6513,
    "stereo" : false,
    "position" : {
      "x" : -549.7584,
      "y" : 54.44659,
      "z" : 672.52606
    }
  },
  "embedding" : [ 1.0, 0.0, 0.0, 0.0, 0.0, 1.0, 0.0, 0.0, 0.0, 0.0, 1.0, 0.0, 0.0, 0.0, 0.0, 1.0 ],
  "shapes" : [ {
    "id" : "0c9b3ed8-137b-4097-9b1a-474c45a7d618",
    "vertices" : [ {
      "x" : 0.309017,
      "y" : -0.809017,
      "z" : 0.618034
    }, {
      "x" : 0.809017,
      "y" : -0.618034,
      "z" : 0.309017
    }, {
      "x" : 0.618034,
      "y" : -0.309017,
      "z" : 0.809017
    }, {
      "x" : 1.0,
      "y" : 0.309017,
      "z" : 0.19098301
    }, {
      "x" : 0.809017,
      "y" : 0.618034,
      "z" : 0.309017
    }, {
      "x" : 0.618034,
      "y" : 0.309017,
      "z" : 0.809017
    }, {
      "x" : 0.809017,
      "y" : 0.0,
      "z" : 0.690983
    }, {
      "x" : 0.19098301,
      "y" : -1.0,
      "z" : 0.309017
    }, {
      "x" : -0.19098301,
      "y" : -1.0,
      "z" : 0.309017
    }, {
      "x" : -0.19098301,
      "y" : -1.0,
      "z" : -0.309017
    }, {
      "x" : 0.19098301,
      "y" : -1.0,
      "z" : -0.309017
    }, {
      "x" : 1.0,
      "y" : -0.309017,
      "z" : -0.19098301
    }, {
      "x" : 0.809017,
      "y" : -0.618034,
      "z" : -0.309017
    }, {
      "x" : 0.618034,
      "y" : -0.309017,
      "z" : -0.809017
    }, {
      "x" : 0.809017,
      "y" : 0.0,
      "z" : -0.690983
    }, {
      "x" : 0.0,
      "y" : 0.690983,
      "z" : -0.809017
    }, {
      "x" : 0.309017,
      "y" : 0.809017,
      "z" : -0.618034
    }, {
      "x" : 0.618034,
      "y" : 0.309017,
      "z" : -0.809017
    }, {
      "x" : 0.309017,
      "y" : 0.19098301,
      "z" : -1.0
    }, {
      "x" : 1.0,
      "y" : 0.309017,
      "z" : -0.19098301
    }, {
      "x" : -0.309017,
      "y" : -0.809017,
      "z" : 0.618034
    }, {
      "x" : 0.0,
      "y" : -0.690983,
      "z" : 0.809017
    }, {
      "x" : 0.809017,
      "y" : 0.618034,
      "z" : -0.309017
    }, {
      "x" : 0.690983,
      "y" : 0.809017,
      "z" : 0.0
    }, {
      "x" : -0.690983,
      "y" : 0.809017,
      "z" : 0.0
    }, {
      "x" : -0.809017,
      "y" : 0.618034,
      "z" : 0.309017
    }, {
      "x" : -0.309017,
      "y" : 0.809017,
      "z" : 0.618034
    }, {
      "x" : -0.19098301,
      "y" : 1.0,
      "z" : 0.309017
    }, {
      "x" : 0.309017,
      "y" : -0.19098301,
      "z" : -1.0
    }, {
      "x" : 0.19098301,
      "y" : 1.0,
      "z" : 0.309017
    }, {
      "x" : 0.309017,
      "y" : 0.809017,
      "z" : 0.618034
    }, {
      "x" : -0.809017,
      "y" : -0.618034,
      "z" : 0.309017
    }, {
      "x" : -0.690983,
      "y" : -0.809017,
      "z" : 0.0
    }, {
      "x" : 0.0,
      "y" : 0.690983,
      "z" : 0.809017
    }, {
      "x" : 0.309017,
      "y" : -0.809017,
      "z" : -0.618034
    }, {
      "x" : 0.0,
      "y" : -0.690983,
      "z" : -0.809017
    }, {
      "x" : -1.0,
      "y" : 0.309017,
      "z" : 0.19098301
    }, {
      "x" : -0.809017,
      "y" : 0.0,
      "z" : 0.690983
    }, {
      "x" : -0.618034,
      "y" : 0.309017,
      "z" : 0.809017
    }, {
      "x" : 1.0,
      "y" : -0.309017,
      "z" : 0.19098301
    }, {
      "x" : -0.309017,
      "y" : -0.809017,
      "z" : -0.618034
    }, {
      "x" : -1.0,
      "y" : 0.309017,
      "z" : -0.19098301
    }, {
      "x" : -1.0,
      "y" : -0.309017,
      "z" : -0.19098301
    }, {
      "x" : -1.0,
      "y" : -0.309017,
      "z" : 0.19098301
    }, {
      "x" : 0.19098301,
      "y" : 1.0,
      "z" : -0.309017
    }, {
      "x" : -0.809017,
      "y" : 0.618034,
      "z" : -0.309017
    }, {
      "x" : -0.19098301,
      "y" : 1.0,
      "z" : -0.309017
    }, {
      "x" : -0.309017,
      "y" : 0.809017,
      "z" : -0.618034
    }, {
      "x" : -0.618034,
      "y" : -0.309017,
      "z" : 0.809017
    }, {
      "x" : 0.309017,
      "y" : 0.19098301,
      "z" : 1.0
    }, {
      "x" : -0.309017,
      "y" : 0.19098301,
      "z" : -1.0
    }, {
      "x" : -0.309017,
      "y" : 0.19098301,
      "z" : 1.0
    }, {
      "x" : -0.309017,
      "y" : -0.19098301,
      "z" : 1.0
    }, {
      "x" : 0.309017,
      "y" : -0.19098301,
      "z" : 1.0
    }, {
      "x" : 0.690983,
      "y" : -0.809017,
      "z" : 0.0
    }, {
      "x" : -0.809017,
      "y" : 0.0,
      "z" : -0.690983
    }, {
      "x" : -0.618034,
      "y" : -0.309017,
      "z" : -0.809017
    }, {
      "x" : -0.309017,
      "y" : -0.19098301,
      "z" : -1.0
    }, {
      "x" : -0.618034,
      "y" : 0.309017,
      "z" : -0.809017
    }, {
      "x" : -0.809017,
      "y" : -0.618034,
      "z" : -0.309017
    } ],
    "faces" : [ {
      "vertices" : [ 9, 40, 35 ]
    }, {
      "vertices" : [ 9, 35, 34 ]
    }, {
      "vertices" : [ 9, 34, 10 ]
    }, {
      "vertices" : [ 0, 1, 2 ]
    }, {
      "vertices" : [ 33, 51, 49 ]
    }, {
      "vertices" : [ 25, 36, 37 ]
    }, {
      "vertices" : [ 25, 37, 38 ]
    }, {
      "vertices" : [ 41, 55, 42 ]
    }, {
      "vertices" : [ 9, 32, 59 ]
    }, {
      "vertices" : [ 9, 59, 40 ]
    }, {
      "vertices" : [ 20, 21, 52 ]
    }, {
      "vertices" : [ 20, 52, 48 ]
    }, {
      "vertices" : [ 26, 33, 30 ]
    }, {
      "vertices" : [ 26, 30, 29 ]
    }, {
      "vertices" : [ 26, 29, 27 ]
    }, {
      "vertices" : [ 3, 4, 5 ]
    }, {
      "vertices" : [ 3, 5, 6 ]
    }, {
      "vertices" : [ 27, 29, 44 ]
    }, {
      "vertices" : [ 27, 44, 46 ]
    }, {
      "vertices" : [ 50, 57, 56 ]
    }, {
      "vertices" : [ 50, 56, 55 ]
    }, {
      "vertices" : [ 50, 55, 58 ]
    }, {
      "vertices" : [ 26, 38, 51 ]
    }, {
      "vertices" : [ 26, 51, 33 ]
    }, {
      "vertices" : [ 45, 47, 58 ]
    }, {
      "vertices" : [ 18, 28, 57 ]
    }, {
      "vertices" : [ 18, 57, 50 ]
    }, {
      "vertices" : [ 40, 59, 56 ]
    }, {
      "vertices" : [ 31, 48, 37 ]
    }, {
      "vertices" : [ 31, 37, 43 ]
    }, {
      "vertices" : [ 7, 8, 9 ]
    }, {
      "vertices" : [ 7, 9, 10 ]
    }, {
      "vertices" : [ 36, 41, 42 ]
    }, {
      "vertices" : [ 36, 42, 43 ]
    }, {
      "vertices" : [ 24, 46, 47 ]
    }, {
      "vertices" : [ 24, 47, 45 ]
    }, {
      "vertices" : [ 4, 30, 5 ]
    }, {
      "vertices" : [ 15, 47, 46 ]
    }, {
      "vertices" : [ 15, 46, 44 ]
    }, {
      "vertices" : [ 15, 44, 16 ]
    }, {
      "vertices" : [ 15, 50, 58 ]
    }, {
      "vertices" : [ 15, 58, 47 ]
    }, {
      "vertices" : [ 24, 45, 41 ]
    }, {
      "vertices" : [ 24, 41, 36 ]
    }, {
      "vertices" : [ 24, 36, 25 ]
    }, {
      "vertices" : [ 11, 14, 19 ]
    }, {
      "vertices" : [ 3, 6, 39 ]
    }, {
      "vertices" : [ 1, 39, 6 ]
    }, {
      "vertices" : [ 1, 6, 2 ]
    }, {
      "vertices" : [ 8, 32, 9 ]
    }, {
      "vertices" : [ 11, 12, 13 ]
    }, {
      "vertices" : [ 11, 13, 14 ]
    }, {
      "vertices" : [ 16, 22, 17 ]
    }, {
      "vertices" : [ 0, 21, 20 ]
    }, {
      "vertices" : [ 0, 20, 8 ]
    }, {
      "vertices" : [ 0, 8, 7 ]
    }, {
      "vertices" : [ 12, 34, 13 ]
    }, {
      "vertices" : [ 35, 40, 56 ]
    }, {
      "vertices" : [ 35, 56, 57 ]
    }, {
      "vertices" : [ 0, 7, 54 ]
    }, {
      "vertices" : [ 0, 54, 1 ]
    }, {
      "vertices" : [ 15, 16, 17 ]
    }, {
      "vertices" : [ 15, 17, 18 ]
    }, {
      "vertices" : [ 3, 19, 22 ]
    }, {
      "vertices" : [ 3, 22, 23 ]
    }, {
      "vertices" : [ 3, 23, 4 ]
    }, {
      "vertices" : [ 7, 10, 54 ]
    }, {
      "vertices" : [ 41, 45, 58 ]
    }, {
      "vertices" : [ 41, 58, 55 ]
    }, {
      "vertices" : [ 3, 39, 11 ]
    }, {
      "vertices" : [ 3, 11, 19 ]
    }, {
      "vertices" : [ 14, 17, 22 ]
    }, {
      "vertices" : [ 14, 22, 19 ]
    }, {
      "vertices" : [ 0, 2, 53 ]
    }, {
      "vertices" : [ 0, 53, 21 ]
    }, {
      "vertices" : [ 49, 51, 52 ]
    }, {
      "vertices" : [ 49, 52, 53 ]
    }, {
      "vertices" : [ 31, 43, 42 ]
    }, {
      "vertices" : [ 31, 42, 59 ]
    }, {
      "vertices" : [ 31, 59, 32 ]
    }, {
      "vertices" : [ 15, 18, 50 ]
    }, {
      "vertices" : [ 42, 55, 56 ]
    }, {
      "vertices" : [ 42, 56, 59 ]
    }, {
      "vertices" : [ 4, 23, 29 ]
    }, {
      "vertices" : [ 4, 29, 30 ]
    }, {
      "vertices" : [ 25, 38, 26 ]
    }, {
      "vertices" : [ 13, 28, 18 ]
    }, {
      "vertices" : [ 13, 18, 17 ]
    }, {
      "vertices" : [ 13, 17, 14 ]
    }, {
      "vertices" : [ 8, 20, 31 ]
    }, {
      "vertices" : [ 8, 31, 32 ]
    }, {
      "vertices" : [ 23, 44, 29 ]
    }, {
      "vertices" : [ 24, 27, 46 ]
    }, {
      "vertices" : [ 37, 48, 52 ]
    }, {
      "vertices" : [ 37, 52, 51 ]
    }, {
      "vertices" : [ 37, 51, 38 ]
    }, {
      "vertices" : [ 20, 48, 31 ]
    }, {
      "vertices" : [ 24, 25, 26 ]
    }, {
      "vertices" : [ 24, 26, 27 ]
    }, {
      "vertices" : [ 16, 44, 23 ]
    }, {
      "vertices" : [ 16, 23, 22 ]
    }, {
      "vertices" : [ 13, 34, 35 ]
    }, {
      "vertices" : [ 13, 35, 28 ]
    }, {
      "vertices" : [ 10, 34, 12 ]
    }, {
      "vertices" : [ 10, 12, 54 ]
    }, {
      "vertices" : [ 2, 6, 5 ]
    }, {
      "vertices" : [ 2, 5, 49 ]
    }, {
      "vertices" : [ 2, 49, 53 ]
    }, {
      "vertices" : [ 36, 43, 37 ]
    }, {
      "vertices" : [ 5, 30, 33 ]
    }, {
      "vertices" : [ 5, 33, 49 ]
    }, {
      "vertices" : [ 1, 54, 12 ]
    }, {
      "vertices" : [ 1, 12, 11 ]
    }, {
      "vertices" : [ 1, 11, 39 ]
    }, {
      "vertices" : [ 28, 35, 57 ]
    }, {
      "vertices" : [ 21, 53, 52 ]
    } ]
  }, {
    "id" : "45545daa-4d0f-4cfc-9964-68ecc85ca889",
    "vertices" : [ {
      "x" : 9.376644,
      "y" : 3.3905764,
      "z" : -1.486068
    }, {
      "x" : 10.399187,
      "y" : 3.427051,
      "z" : -1.618034
    }, {
      "x" : 9.376644,
      "y" : 3.3905764,
      "z" : -1.104102
    }, {
      "x" : 9.185661,
      "y" : 3.6995935,
      "z" : -1.604102
    }, {
      "x" : 9.185661,
      "y" : 3.6995935,
      "z" : -1.2221359
    }, {
      "x" : 0.809017,
      "y" : 0.618034,
      "z" : 0.309017
    }, {
      "x" : 1.0,
      "y" : 0.309017,
      "z" : 0.19098301
    }, {
      "x" : 1.9045085,
      "y" : 0.5364745,
      "z" : -0.013932022
    }, {
      "x" : 10.09017,
      "y" : 3.927051,
      "z" : -1.809017
    }, {
      "x" : 10.281153,
      "y" : 3.618034,
      "z" : -1.927051
    }, {
      "x" : 10.281153,
      "y" : 3.618034,
      "z" : -1.309017
    }, {
      "x" : 10.09017,
      "y" : 3.927051,
      "z" : -1.427051
    }, {
      "x" : 1.7135255,
      "y" : 0.8454915,
      "z" : -0.13196601
    }, {
      "x" : 0.690983,
      "y" : 0.809017,
      "z" : 0.0
    }, {
      "x" : 1.9045085,
      "y" : 0.5364745,
      "z" : -0.39589804
    }, {
      "x" : 1.7135255,
      "y" : 0.8454915,
      "z" : -0.51393205
    }, {
      "x" : 0.809017,
      "y" : 0.618034,
      "z" : -0.309017
    }, {
      "x" : 1.0,
      "y" : 0.309017,
      "z" : -0.19098301
    }, {
      "x" : 11.09017,
      "y" : 4.236068,
      "z" : -1.618034
    } ],
    "faces" : [ {
      "vertices" : [ 0, 14, 15 ]
    }, {
      "vertices" : [ 0, 15, 3 ]
    }, {
      "vertices" : [ 3, 15, 12 ]
    }, {
      "vertices" : [ 3, 12, 4 ]
    }, {
      "vertices" : [ 0, 1, 2 ]
    }, {
      "vertices" : [ 12, 15, 13 ]
    }, {
      "vertices" : [ 0, 9, 1 ]
    }, {
      "vertices" : [ 0, 3, 9 ]
    }, {
      "vertices" : [ 13, 15, 16 ]
    }, {
      "vertices" : [ 6, 17, 14 ]
    }, {
      "vertices" : [ 6, 14, 7 ]
    }, {
      "vertices" : [ 1, 10, 2 ]
    }, {
      "vertices" : [ 5, 6, 7 ]
    }, {
      "vertices" : [ 3, 8, 9 ]
    }, {
      "vertices" : [ 0, 2, 7 ]
    }, {
      "vertices" : [ 0, 7, 14 ]
    }, {
      "vertices" : [ 5, 7, 12 ]
    }, {
      "vertices" : [ 2, 4, 12 ]
    }, {
      "vertices" : [ 2, 12, 7 ]
    }, {
      "vertices" : [ 3, 4, 11 ]
    }, {
      "vertices" : [ 3, 11, 8 ]
    }, {
      "vertices" : [ 2, 10, 11 ]
    }, {
      "vertices" : [ 2, 11, 4 ]
    }, {
      "vertices" : [ 5, 12, 13 ]
    }, {
      "vertices" : [ 14, 17, 16 ]
    }, {
      "vertices" : [ 14, 16, 15 ]
    } ]
  } ],
  "instances" : [ {
    "shape" : "0c9b3ed8-137b-4097-9b1a-474c45a7d618",
    "color" : "#FFFFFF",
    "position" : {
      "x" : -41.888542,
      "y" : -109.665634,
      "z" : 0.0
    }
  }, {
    "shape" : "0c9b3ed8-137b-4097-9b1a-474c45a7d618",
    "color" : "#FFFFFF",
    "position" : {
      "x" : -24.18034,
      "y" : -11.708204,
      "z" : -46.36068
    }
  }, {
    "shape" : "0c9b3ed8-137b-4097-9b1a-474c45a7d618",
    "color" : "#FFFFFF",
    "position" : {
      "x" : -23.562305,
      "y" : -43.36068,
      "z" : -47.978714
    }
  }, {
    "shape" : "45545daa-4d0f-4cfc-9964-68ecc85ca889",
    "color" : "#008D36",
    "position" : {
      "x" : -22.944271,
      "y" : -95.95743,
      "z" : 5.236068
    },
    "orientation" : 1
  }, {
    "shape" : "45545daa-4d0f-4cfc-9964-68ecc85ca889",
    "color" : "#008D36",
    "position" : {
      "x" : -16.944271,
      "y" : 48.36068,
      "z" : -65.304955
    },
    "orientation" : 29
  }, {
    "shape" : "45545daa-4d0f-4cfc-9964-68ecc85ca889",
    "color" : "#008D36",
    "position" : {
      "x" : -26.18034,
      "y" : -73.777084,
      "z" : 13.708204
    },
    "orientation" : 29
  }, {
    "shape" : "0c9b3ed8-137b-4097-9b1a-474c45a7d618",
    "color" : "#FFFFFF",
    "position" : {
      "x" : -32.888542,
      "y" : 43.978714,
      "z" : 58.686916
    }
  }, {
    "shape" : "0c9b3ed8-137b-4097-9b1a-474c45a7d618",
    "color" : "#FFFFFF",
    "position" : {
      "x" : 24.798374,
      "y" : 11.472136,
      "z" : -37.506577
    }
  }, {
    "shape" : "45545daa-4d0f-4cfc-9964-68ecc85ca889",
    "color" : "#008D36",
    "position" : {
      "x" : 36.888542,
      "y" : -3.618034,
      "z" : 40.506577
    },
    "orientation" : 1
  }, {
    "shape" : "45545daa-4d0f-4cfc-9964-68ecc85ca889",
    "color" : "#008D36",
    "position" : {
      "x" : -45.978714,
      "y" : 17.562305,
      "z" : 38.12461
    },
    "orientation" : 56
  }, {
    "shape" : "45545daa-4d0f-4cfc-9964-68ecc85ca889",
    "color" : "#008D36",
    "position" : {
      "x" : -0.38196602,
      "y" : -52.214783,
      "z" : 1.0
    },
    "orientation" : 49
  }, {
    "shape" : "45545daa-4d0f-4cfc-9964-68ecc85ca889",
    "color" : "#008D36",
    "position" : {
      "x" : 5.236068,
      "y" : 39.888542,
      "z" : -68.54102
    },
    "orientation" : 33
  }, {
    "shape" : "45545daa-4d0f-4cfc-9964-68ecc85ca889",
    "color" : "#008D36",
    "position" : {
      "x" : -51.59675,
      "y" : -43.12461,
      "z" : 25.416409
    },
    "orientation" : 1
  }, {
    "shape" : "45545daa-4d0f-4cfc-9964-68ecc85ca889",
    "color" : "#008D36",
    "position" : {
      "x" : 40.12461,
      "y" : -25.798374,
      "z" : 32.034443
    },
    "orientation" : 1
  }, {
    "shape" : "45545daa-4d0f-4cfc-9964-68ecc85ca889",
    "color" : "#008D36",
    "position" : {
      "x" : 32.652477,
      "y" : 8.472136,
      "z" : 24.18034
    },
    "orientation" : 1
  }, {
    "shape" : "45545daa-4d0f-4cfc-9964-68ecc85ca889",
    "color" : "#008D36",
    "position" : {
      "x" : 2.236068,
      "y" : -53.214783,
      "z" : 21.562305
    },
    "orientation" : 33
  }, {
    "shape" : "45545daa-4d0f-4cfc-9964-68ecc85ca889",
    "color" : "#008D36",
    "position" : {
      "x" : -37.27051,
      "y" : -69.54102,
      "z" : 15.326238
    },
    "orientation" : 45
  }, {
    "shape" : "45545daa-4d0f-4cfc-9964-68ecc85ca889",
    "color" : "#008D36",
    "position" : {
      "x" : 23.18034,
      "y" : 22.562305,
      "z" : -33.27051
    },
    "orientation" : 33
  }, {
    "shape" : "45545daa-4d0f-4cfc-9964-68ecc85ca889",
    "color" : "#008D36",
    "position" : {
      "x" : 18.944271,
      "y" : 34.652477,
      "z" : -49.59675
    },
    "orientation" : 29
  }, {
    "shape" : "0c9b3ed8-137b-4097-9b1a-474c45a7d618",
    "color" : "#FFFFFF",
    "position" : {
      "x" : 14.944272,
      "y" : -68.54102,
      "z" : 15.708204
    }
  }, {
    "shape" : "0c9b3ed8-137b-4097-9b1a-474c45a7d618",
    "color" : "#FFFFFF",
    "position" : {
      "x" : 45.36068,
      "y" : 14.09017,
      "z" : -36.506577
    }
  }, {
    "shape" : "45545daa-4d0f-4cfc-9964-68ecc85ca889",
    "color" : "#008D36",
    "position" : {
      "x" : 42.742645,
      "y" : -16.326239,
      "z" : 25.18034
    },
    "orientation" : 45
  }, {
    "shape" : "45545daa-4d0f-4cfc-9964-68ecc85ca889",
    "color" : "#008D36",
    "position" : {
      "x" : 83.867256,
      "y" : -11.09017,
      "z" : 27.18034
    },
    "orientation" : 56
  }, {
    "shape" : "45545daa-4d0f-4cfc-9964-68ecc85ca889",
    "color" : "#008D36",
    "position" : {
      "x" : 25.798374,
      "y" : 32.034443,
      "z" : -40.12461
    },
    "orientation" : 56
  }, {
    "shape" : "45545daa-4d0f-4cfc-9964-68ecc85ca889",
    "color" : "#008D36",
    "position" : {
      "x" : 45.36068,
      "y" : 14.09017,
      "z" : -36.506577
    },
    "orientation" : 56
  }, {
    "shape" : "0c9b3ed8-137b-4097-9b1a-474c45a7d618",
    "color" : "#FFFFFF",
    "position" : {
      "x" : -36.506577,
      "y" : 45.36068,
      "z" : -14.09017
    }
  }, {
    "shape" : "45545daa-4d0f-4cfc-9964-68ecc85ca889",
    "color" : "#008D36",
    "position" : {
      "x" : -27.034441,
      "y" : 52.214783,
      "z" : -11.472136
    },
    "orientation" : 45
  }, {
    "shape" : "0c9b3ed8-137b-4097-9b1a-474c45a7d618",
    "color" : "#FFFFFF",
    "position" : {
      "x" : -15.708204,
      "y" : -14.944272,
      "z" : -68.54102
    }
  }, {
    "shape" : "45545daa-4d0f-4cfc-9964-68ecc85ca889",
    "color" : "#008D36",
    "position" : {
      "x" : 5.472136,
      "y" : -75.39512,
      "z" : 13.09017
    },
    "orientation" : 1
  }, {
    "shape" : "45545daa-4d0f-4cfc-9964-68ecc85ca889",
    "color" : "#008D36",
    "position" : {
      "x" : 7.472136,
      "y" : -13.326238,
      "z" : -46.978714
    },
    "orientation" : 1
  }, {
    "shape" : "0c9b3ed8-137b-4097-9b1a-474c45a7d618",
    "color" : "#FFFFFF",
    "position" : {
      "x" : -34.034443,
      "y" : -81.24922,
      "z" : -20.562305
    }
  }, {
    "shape" : "45545daa-4d0f-4cfc-9964-68ecc85ca889",
    "color" : "#008D36",
    "position" : {
      "x" : -59.686916,
      "y" : 12.326238,
      "z" : 46.59675
    },
    "orientation" : 49
  }, {
    "shape" : "45545daa-4d0f-4cfc-9964-68ecc85ca889",
    "color" : "#008D36",
    "position" : {
      "x" : -5.854102,
      "y" : 33.652477,
      "z" : -39.506577
    },
    "orientation" : 1
  }, {
    "shape" : "45545daa-4d0f-4cfc-9964-68ecc85ca889",
    "color" : "#008D36",
    "position" : {
      "x" : -27.416409,
      "y" : 10.472136,
      "z" : -37.888542
    },
    "orientation" : 1
  }, {
    "shape" : "45545daa-4d0f-4cfc-9964-68ecc85ca889",
    "color" : "#008D36",
    "position" : {
      "x" : 46.978714,
      "y" : -17.944271,
      "z" : 14.09017
    },
    "orientation" : 29
  }, {
    "shape" : "45545daa-4d0f-4cfc-9964-68ecc85ca889",
    "color" : "#008D36",
    "position" : {
      "x" : -49.59675,
      "y" : -2.0,
      "z" : 20.18034
    },
    "orientation" : 49
  }, {
    "shape" : "0c9b3ed8-137b-4097-9b1a-474c45a7d618",
    "color" : "#FFFFFF",
    "position" : {
      "x" : -13.326238,
      "y" : 46.978714,
      "z" : 7.472136
    }
  }, {
    "shape" : "45545daa-4d0f-4cfc-9964-68ecc85ca889",
    "color" : "#008D36",
    "position" : {
      "x" : 74.39512,
      "y" : -17.944271,
      "z" : 24.562305
    },
    "orientation" : 1
  }, {
    "shape" : "0c9b3ed8-137b-4097-9b1a-474c45a7d618",
    "color" : "#FFFFFF",
    "position" : {
      "x" : 55.45085,
      "y" : -31.652475,
      "z" : 19.326239
    }
  }, {
    "shape" : "45545daa-4d0f-4cfc-9964-68ecc85ca889",
    "color" : "#008D36",
    "position" : {
      "x" : 46.36068,
      "y" : 3.236068,
      "z" : 43.12461
    },
    "orientation" : 49
  }, {
    "shape" : "45545daa-4d0f-4cfc-9964-68ecc85ca889",
    "color" : "#008D36",
    "position" : {
      "x" : -15.944272,
      "y" : 27.034441,
      "z" : 41.742645
    },
    "orientation" : 29
  }, {
    "shape" : "0c9b3ed8-137b-4097-9b1a-474c45a7d618",
    "color" : "#FFFFFF",
    "position" : {
      "x" : 10.472136,
      "y" : 37.888542,
      "z" : -27.416409
    }
  }, {
    "shape" : "0c9b3ed8-137b-4097-9b1a-474c45a7d618",
    "color" : "#FFFFFF",
    "position" : {
      "x" : 28.416409,
      "y" : 10.09017,
      "z" : 35.27051
    }
  }, {
    "shape" : "45545daa-4d0f-4cfc-9964-68ecc85ca889",
    "color" : "#008D36",
    "position" : {
      "x" : -35.652477,
      "y" : -80.63119,
      "z" : 11.09017
    },
    "orientation" : 33
  }, {
    "shape" : "0c9b3ed8-137b-4097-9b1a-474c45a7d618",
    "color" : "#FFFFFF",
    "position" : {
      "x" : -38.12461,
      "y" : 56.45085,
      "z" : -9.854102
    }
  }, {
    "shape" : "0c9b3ed8-137b-4097-9b1a-474c45a7d618",
    "color" : "#FFFFFF",
    "position" : {
      "x" : 78.01315,
      "y" : 1.618034,
      "z" : 42.506577
    }
  }, {
    "shape" : "45545daa-4d0f-4cfc-9964-68ecc85ca889",
    "color" : "#008D36",
    "position" : {
      "x" : -43.978714,
      "y" : 48.214783,
      "z" : 60.30495
    },
    "orientation" : 29
  }, {
    "shape" : "45545daa-4d0f-4cfc-9964-68ecc85ca889",
    "color" : "#008D36",
    "position" : {
      "x" : 52.214783,
      "y" : 1.0,
      "z" : 0.38196602
    },
    "orientation" : 45
  }, {
    "shape" : "45545daa-4d0f-4cfc-9964-68ecc85ca889",
    "color" : "#008D36",
    "position" : {
      "x" : -9.09017,
      "y" : 24.416409,
      "z" : 51.214783
    },
    "orientation" : 56
  }, {
    "shape" : "45545daa-4d0f-4cfc-9964-68ecc85ca889",
    "color" : "#008D36",
    "position" : {
      "x" : 51.214783,
      "y" : -19.562305,
      "z" : 3.0
    },
    "orientation" : 56
  }, {
    "shape" : "45545daa-4d0f-4cfc-9964-68ecc85ca889",
    "color" : "#008D36",
    "position" : {
      "x" : -16.944271,
      "y" : 6.472136,
      "z" : 44.36068
    },
    "orientation" : 1
  }, {
    "shape" : "45545daa-4d0f-4cfc-9964-68ecc85ca889",
    "color" : "#008D36",
    "position" : {
      "x" : -37.27051,
      "y" : -69.54102,
      "z" : 15.326238
    },
    "orientation" : 56
  }, {
    "shape" : "45545daa-4d0f-4cfc-9964-68ecc85ca889",
    "color" : "#008D36",
    "position" : {
      "x" : 59.068882,
      "y" : 8.854102,
      "z" : -17.562305
    },
    "orientation" : 45
  }, {
    "shape" : "0c9b3ed8-137b-4097-9b1a-474c45a7d618",
    "color" : "#FFFFFF",
    "position" : {
      "x" : -1.618034,
      "y" : 42.506577,
      "z" : -78.01315
    }
  }, {
    "shape" : "45545daa-4d0f-4cfc-9964-68ecc85ca889",
    "color" : "#008D36",
    "position" : {
      "x" : 80.63119,
      "y" : 11.09017,
      "z" : 35.652477
    },
    "orientation" : 56
  }, {
    "shape" : "0c9b3ed8-137b-4097-9b1a-474c45a7d618",
    "color" : "#FFFFFF",
    "position" : {
      "x" : 54.214783,
      "y" : 21.18034,
      "z" : 49.978714
    }
  }, {
    "shape" : "45545daa-4d0f-4cfc-9964-68ecc85ca889",
    "color" : "#008D36",
    "position" : {
      "x" : -40.506577,
      "y" : -47.36068,
      "z" : 23.798374
    },
    "orientation" : 56
  }, {
    "shape" : "45545daa-4d0f-4cfc-9964-68ecc85ca889",
    "color" : "#008D36",
    "position" : {
      "x" : -32.41641,
      "y" : -102.81153,
      "z" : 2.618034
    },
    "orientation" : 49
  }, {
    "shape" : "0c9b3ed8-137b-4097-9b1a-474c45a7d618",
    "color" : "#FFFFFF",
    "position" : {
      "x" : 53.832817,
      "y" : -10.09017,
      "z" : -3.854102
    }
  }, {
    "shape" : "0c9b3ed8-137b-4097-9b1a-474c45a7d618",
    "color" : "#FFFFFF",
    "position" : {
      "x" : 64.304955,
      "y" : 17.326239,
      "z" : -3.854102
    }
  }, {
    "shape" : "45545daa-4d0f-4cfc-9964-68ecc85ca889",
    "color" : "#008D36",
    "position" : {
      "x" : -28.034441,
      "y" : 42.12461,
      "z" : -36.27051
    },
    "orientation" : 1
  }, {
    "shape" : "0c9b3ed8-137b-4097-9b1a-474c45a7d618",
    "color" : "#FFFFFF",
    "position" : {
      "x" : -17.708204,
      "y" : -77.01315,
      "z" : -8.472136
    }
  }, {
    "shape" : "0c9b3ed8-137b-4097-9b1a-474c45a7d618",
    "color" : "#FFFFFF",
    "position" : {
      "x" : 4.618034,
      "y" : 29.652475,
      "z" : 42.742645
    }
  }, {
    "shape" : "0c9b3ed8-137b-4097-9b1a-474c45a7d618",
    "color" : "#FFFFFF",
    "position" : {
      "x" : -19.562305,
      "y" : 38.888542,
      "z" : -58.45085
    }
  }, {
    "shape" : "45545daa-4d0f-4cfc-9964-68ecc85ca889",
    "color" : "#008D36",
    "position" : {
      "x" : -3.236068,
      "y" : 43.12461,
      "z" : -46.36068
    },
    "orientation" : 33
  }, {
    "shape" : "0c9b3ed8-137b-4097-9b1a-474c45a7d618",
    "color" : "#FFFFFF",
    "position" : {
      "x" : -21.562305,
      "y" : -33.652477,
      "z" : 29.034441
    }
  }, {
    "shape" : "45545daa-4d0f-4cfc-9964-68ecc85ca889",
    "color" : "#008D36",
    "position" : {
      "x" : -17.708204,
      "y" : -77.01315,
      "z" : -8.472136
    },
    "orientation" : 33
  }, {
    "shape" : "45545daa-4d0f-4cfc-9964-68ecc85ca889",
    "color" : "#008D36",
    "position" : {
      "x" : 52.214783,
      "y" : 11.472136,
      "z" : -27.034441
    },
    "orientation" : 49
  }, {
    "shape" : "45545daa-4d0f-4cfc-9964-68ecc85ca889",
    "color" : "#008D36",
    "position" : {
      "x" : 23.18034,
      "y" : 33.034443,
      "z" : -60.686916
    },
    "orientation" : 29
  }, {
    "shape" : "45545daa-4d0f-4cfc-9964-68ecc85ca889",
    "color" : "#008D36",
    "position" : {
      "x" : -14.326238,
      "y" : 47.36068,
      "z" : -44.742645
    },
    "orientation" : 29
  }, {
    "shape" : "45545daa-4d0f-4cfc-9964-68ecc85ca889",
    "color" : "#008D36",
    "position" : {
      "x" : 48.59675,
      "y" : -29.034441,
      "z" : 9.854102
    },
    "orientation" : 49
  }, {
    "shape" : "45545daa-4d0f-4cfc-9964-68ecc85ca889",
    "color" : "#008D36",
    "position" : {
      "x" : -25.18034,
      "y" : -42.742645,
      "z" : -16.326239
    },
    "orientation" : 45
  }, {
    "shape" : "45545daa-4d0f-4cfc-9964-68ecc85ca889",
    "color" : "#008D36",
    "position" : {
      "x" : 68.54102,
      "y" : -5.236068,
      "z" : 39.888542
    },
    "orientation" : 29
  }, {
    "shape" : "45545daa-4d0f-4cfc-9964-68ecc85ca889",
    "color" : "#008D36",
    "position" : {
      "x" : -11.708204,
      "y" : 46.36068,
      "z" : -24.18034
    },
    "orientation" : 33
  }, {
    "shape" : "45545daa-4d0f-4cfc-9964-68ecc85ca889",
    "color" : "#008D36",
    "position" : {
      "x" : 43.742645,
      "y" : 25.18034,
      "z" : -32.27051
    },
    "orientation" : 45
  }, {
    "shape" : "45545daa-4d0f-4cfc-9964-68ecc85ca889",
    "color" : "#008D36",
    "position" : {
      "x" : -27.18034,
      "y" : -83.867256,
      "z" : -11.09017
    },
    "orientation" : 49
  }, {
    "shape" : "45545daa-4d0f-4cfc-9964-68ecc85ca889",
    "color" : "#008D36",
    "position" : {
      "x" : 27.416409,
      "y" : -10.472136,
      "z" : 37.888542
    },
    "orientation" : 29
  }, {
    "shape" : "45545daa-4d0f-4cfc-9964-68ecc85ca889",
    "color" : "#008D36",
    "position" : {
      "x" : -42.742645,
      "y" : -4.618034,
      "z" : 29.652475
    },
    "orientation" : 33
  }, {
    "shape" : "45545daa-4d0f-4cfc-9964-68ecc85ca889",
    "color" : "#008D36",
    "position" : {
      "x" : -46.59675,
      "y" : 49.214783,
      "z" : 39.742645
    },
    "orientation" : 1
  }, {
    "shape" : "45545daa-4d0f-4cfc-9964-68ecc85ca889",
    "color" : "#008D36",
    "position" : {
      "x" : 32.652477,
      "y" : 8.472136,
      "z" : 24.18034
    },
    "orientation" : 49
  }, {
    "shape" : "45545daa-4d0f-4cfc-9964-68ecc85ca889",
    "color" : "#008D36",
    "position" : {
      "x" : 68.54102,
      "y" : 15.708204,
      "z" : -14.944272
    },
    "orientation" : 45
  }, {
    "shape" : "45545daa-4d0f-4cfc-9964-68ecc85ca889",
    "color" : "#008D36",
    "position" : {
      "x" : 9.09017,
      "y" : -45.36068,
      "z" : 3.618034
    },
    "orientation" : 33
  }, {
    "shape" : "0c9b3ed8-137b-4097-9b1a-474c45a7d618",
    "color" : "#FFFFFF",
    "position" : {
      "x" : -39.506577,
      "y" : -26.798374,
      "z" : 21.18034
    }
  }, {
    "shape" : "0c9b3ed8-137b-4097-9b1a-474c45a7d618",
    "color" : "#FFFFFF",
    "position" : {
      "x" : 47.978714,
      "y" : 23.562305,
      "z" : -43.36068
    }
  }, {
    "shape" : "45545daa-4d0f-4cfc-9964-68ecc85ca889",
    "color" : "#008D36",
    "position" : {
      "x" : 30.652475,
      "y" : -32.652477,
      "z" : 29.416409
    },
    "orientation" : 49
  }, {
    "shape" : "45545daa-4d0f-4cfc-9964-68ecc85ca889",
    "color" : "#008D36",
    "position" : {
      "x" : -14.708204,
      "y" : -4.854102,
      "z" : -43.742645
    },
    "orientation" : 49
  }, {
    "shape" : "0c9b3ed8-137b-4097-9b1a-474c45a7d618",
    "color" : "#FFFFFF",
    "position" : {
      "x" : -36.27051,
      "y" : -48.978714,
      "z" : 12.708204
    }
  }, {
    "shape" : "45545daa-4d0f-4cfc-9964-68ecc85ca889",
    "color" : "#008D36",
    "position" : {
      "x" : -42.36068,
      "y" : 37.12461,
      "z" : 56.068882
    },
    "orientation" : 49
  }, {
    "shape" : "45545daa-4d0f-4cfc-9964-68ecc85ca889",
    "color" : "#008D36",
    "position" : {
      "x" : -29.652475,
      "y" : 42.742645,
      "z" : -4.618034
    },
    "orientation" : 33
  }, {
    "shape" : "45545daa-4d0f-4cfc-9964-68ecc85ca889",
    "color" : "#008D36",
    "position" : {
      "x" : 51.59675,
      "y" : 22.18034,
      "z" : 29.416409
    },
    "orientation" : 45
  }, {
    "shape" : "45545daa-4d0f-4cfc-9964-68ecc85ca889",
    "color" : "#008D36",
    "position" : {
      "x" : 14.708204,
      "y" : 36.27051,
      "z" : -38.506577
    },
    "orientation" : 29
  }, {
    "shape" : "45545daa-4d0f-4cfc-9964-68ecc85ca889",
    "color" : "#008D36",
    "position" : {
      "x" : -16.944271,
      "y" : 6.472136,
      "z" : 44.36068
    },
    "orientation" : 49
  }, {
    "shape" : "45545daa-4d0f-4cfc-9964-68ecc85ca889",
    "color" : "#008D36",
    "position" : {
      "x" : -19.944271,
      "y" : -44.742645,
      "z" : 24.798374
    },
    "orientation" : 33
  }, {
    "shape" : "45545daa-4d0f-4cfc-9964-68ecc85ca889",
    "color" : "#008D36",
    "position" : {
      "x" : -41.742645,
      "y" : 15.944272,
      "z" : 27.034441
    },
    "orientation" : 29
  }, {
    "shape" : "45545daa-4d0f-4cfc-9964-68ecc85ca889",
    "color" : "#008D36",
    "position" : {
      "x" : 2.236068,
      "y" : -53.214783,
      "z" : 21.562305
    },
    "orientation" : 45
  }, {
    "shape" : "45545daa-4d0f-4cfc-9964-68ecc85ca889",
    "color" : "#008D36",
    "position" : {
      "x" : -28.416409,
      "y" : -31.034441,
      "z" : 19.562305
    },
    "orientation" : 29
  }, {
    "shape" : "45545daa-4d0f-4cfc-9964-68ecc85ca889",
    "color" : "#008D36",
    "position" : {
      "x" : -7.236068,
      "y" : -39.12461,
      "z" : -35.888542
    },
    "orientation" : 33
  }, {
    "shape" : "45545daa-4d0f-4cfc-9964-68ecc85ca889",
    "color" : "#008D36",
    "position" : {
      "x" : -29.652475,
      "y" : 42.742645,
      "z" : -4.618034
    },
    "orientation" : 45
  }, {
    "shape" : "0c9b3ed8-137b-4097-9b1a-474c45a7d618",
    "color" : "#FFFFFF",
    "position" : {
      "x" : 24.18034,
      "y" : 11.708204,
      "z" : 46.36068
    }
  }, {
    "shape" : "45545daa-4d0f-4cfc-9964-68ecc85ca889",
    "color" : "#008D36",
    "position" : {
      "x" : -56.686916,
      "y" : 63.54102,
      "z" : 66.15905
    },
    "orientation" : 33
  }, {
    "shape" : "45545daa-4d0f-4cfc-9964-68ecc85ca889",
    "color" : "#008D36",
    "position" : {
      "x" : -7.236068,
      "y" : -60.068882,
      "z" : 18.944271
    },
    "orientation" : 1
  }, {
    "shape" : "45545daa-4d0f-4cfc-9964-68ecc85ca889",
    "color" : "#008D36",
    "position" : {
      "x" : -43.36068,
      "y" : 37.506577,
      "z" : 3.854102
