{
  "field" : "golden",
  "symmetry" : "icosahedral",
  "orientations" : [ [ 1.0, 0.0, 0.0, 0.0, 0.0, 1.0, 0.0, 0.0, 0.0, 0.0, 1.0, 0.0, 0.0, 0.0, 0.0, 1.0 ], [ 0.0, 0.0, 1.0, 0.0, 1.0, 0.0, 0.0, 0.0, 0.0, 1.0, 0.0, 0.0, 0.0, 0.0, 0.0, 1.0 ], [ 0.0, 1.0, 0.0, 0.0, 0.0, 0.0, 1.0, 0.0, 1.0, 0.0, 0.0, 0.0, 0.0, 0.0, 0.0, 1.0 ], [ 0.809017, 0.309017, 0.5, 0.0, 0.309017, 0.5, -0.809017, 0.0, -0.5, 0.809017, 0.309017, 0.0, 0.0, 0.0, 0.0, 1.0 ], [ -0.5, 0.809017, 0.309017, 0.0, 0.809017, 0.309017, 0.5, 0.0, 0.309017, 0.5, -0.809017, 0.0, 0.0, 0.0, 0.0, 1.0 ], [ 0.309017, 0.5, -0.809017, 0.0, -0.5, 0.809017, 0.309017, 0.0, 0.809017, 0.309017, 0.5, 0.0, 0.0, 0.0, 0.0, 1.0 ], [ 0.5, 0.809017, 0.309017, 0.0, 0.809017, -0.309017, -0.5, 0.0, -0.309017, 0.5, -0.809017, 0.0, 0.0, 0.0, 0.0, 1.0 ], [ -0.309017, 0.5, -0.809017, 0.0, 0.5, 0.809017, 0.309017, 0.0, 0.809017, -0.309017, -0.5, 0.0, 0.0, 0.0, 0.0, 1.0 ], [ 0.809017, -0.309017, -0.5, 0.0, -0.309017, 0.5, -0.809017, 0.0, 0.5, 0.809017, 0.309017, 0.0, 0.0, 0.0, 0.0, 1.0 ], [ 0.5, 0.809017, -0.309017, 0.0, 0.809017, -0.309017, 0.5, 0.0, 0.309017, -0.5, -0.809017, 0.0, 0.0, 0.0, 0.0, 1.0 ], [ 0.309017, -0.5, -0.809017, 0.0, 0.5, 0.809017, -0.309017, 0.0, 0.809017, -0.309017, 0.5, 0.0, 0.0, 0.0, 0.0, 1.0 ], [ 0.809017, -0.309017, 0.5, 0.0, 0.309017, -0.5, -0.809017, 0.0, 0.5, 0.809017, -0.309017, 0.0, 0.0, 0.0, 0.0, 1.0 ], [ 0.809017, 0.309017, -0.5, 0.0, 0.309017, 0.5, 0.809017, 0.0, 0.5, -0.809017, 0.309017, 0.0, 0.0, 0.0, 0.0, 1.0 ], [ 0.5, -0.809017, 0.309017, 0.0, 0.809017, 0.309017, -0.5, 0.0, 0.309017, 0.5, 0.809017, 0.0, 0.0, 0.0, 0.0, 1.0 ], [ 0.309017, 0.5, 0.809017, 0.0, 0.5, -0.809017, 0.309017, 0.0, 0.809017, 0.309017, -0.5, 0.0, 0.0, 0.0, 0.0, 1.0 ], [ 1.0, 0.0, 0.0, 0.0, 0.0, -1.0, 0.0, 0.0, 0.0, 0.0, -1.0, 0.0, 0.0, 0.0, 0.0, 1.0 ], [ 0.0, 0.0, 1.0, 0.0, -1.0, 0.0, 0.0, 0.0, 0.0, -1.0, 0.0, 0.0, 0.0, 0.0, 0.0, 1.0 ], [ 0.0, 1.0, 0.0, 0.0, 0.0, 0.0, -1.0, 0.0, -1.0, 0.0, 0.0, 0.0, 0.0, 0.0, 0.0, 1.0 ], [ 0.809017, 0.309017, 0.5, 0.0, -0.309017, -0.5, 0.809017, 0.0, 0.5, -0.809017, -0.309017, 0.0, 0.0, 0.0, 0.0, 1.0 ], [ -0.5, 0.809017, 0.309017, 0.0, -0.809017, -0.309017, -0.5, 0.0, -0.309017, -0.5, 0.809017, 0.0, 0.0, 0.0, 0.0, 1.0 ], [ 0.309017, 0.5, -0.809017, 0.0, 0.5, -0.809017, -0.309017, 0.0, -0.809017, -0.309017, -0.5, 0.0, 0.0, 0.0, 0.0, 1.0 ], [ 0.5, 0.809017, 0.309017, 0.0, -0.809017, 0.309017, 0.5, 0.0, 0.309017, -0.5, 0.809017, 0.0, 0.0, 0.0, 0.0, 1.0 ], [ -0.309017, 0.5, -0.809017, 0.0, -0.5, -0.809017, -0.309017, 0.0, -0.809017, 0.309017, 0.5, 0.0, 0.0, 0.0, 0.0, 1.0 ], [ 0.809017, -0.309017, -0.5, 0.0, 0.309017, -0.5, 0.809017, 0.0, -0.5, -0.809017, -0.309017, 0.0, 0.0, 0.0, 0.0, 1.0 ], [ 0.5, 0.809017, -0.309017, 0.0, -0.809017, 0.309017, -0.5, 0.0, -0.309017, 0.5, 0.809017, 0.0, 0.0, 0.0, 0.0, 1.0 ], [ 0.309017, -0.5, -0.809017, 0.0, -0.5, -0.809017, 0.309017, 0.0, -0.809017, 0.309017, -0.5, 0.0, 0.0, 0.0, 0.0, 1.0 ], [ 0.809017, -0.309017, 0.5, 0.0, -0.309017, 0.5, 0.809017, 0.0, -0.5, -0.809017, 0.309017, 0.0, 0.0, 0.0, 0.0, 1.0 ], [ 0.809017, 0.309017, -0.5, 0.0, -0.309017, -0.5, -0.809017, 0.0, -0.5, 0.809017, -0.309017, 0.0, 0.0, 0.0, 0.0, 1.0 ], [ 0.5, -0.809017, 0.309017, 0.0, -0.809017, -0.309017, 0.5, 0.0, -0.309017, -0.5, -0.809017, 0.0, 0.0, 0.0, 0.0, 1.0 ], [ 0.309017, 0.5, 0.809017, 0.0, -0.5, 0.809017, -0.309017, 0.0, -0.809017, -0.309017, 0.5, 0.0, 0.0, 0.0, 0.0, 1.0 ], [ -1.0, 0.0, 0.0, 0.0, 0.0, -1.0, 0.0, 0.0, 0.0, 0.0, 1.0, 0.0, 0.0, 0.0, 0.0, 1.0 ], [ 0.0, 0.0, -1.0, 0.0, -1.0, 0.0, 0.0, 0.0, 0.0, 1.0, 0.0, 0.0, 0.0, 0.0, 0.0, 1.0 ], [ 0.0, -1.0, 0.0, 0.0, 0.0, 0.0, -1.0, 0.0, 1.0, 0.0, 0.0, 0.0, 0.0, 0.0, 0.0, 1.0 ], [ -0.809017, -0.309017, -0.5, 0.0, -0.309017, -0.5, 0.809017, 0.0, -0.5, 0.809017, 0.309017, 0.0, 0.0, 0.0, 0.0, 1.0 ], [ 0.5, -0.809017, -0.309017, 0.0, -0.809017, -0.309017, -0.5, 0.0, 0.309017, 0.5, -0.809017, 0.0, 0.0, 0.0, 0.0, 1.0 ], [ -0.309017, -0.5, 0.809017, 0.0, 0.5, -0.809017, -0.309017, 0.0, 0.809017, 0.309017, 0.5, 0.0, 0.0, 0.0, 0.0, 1.0 ], [ -0.5, -0.809017, -0.309017, 0.0, -0.809017, 0.309017, 0.5, 0.0, -0.309017, 0.5, -0.809017, 0.0, 0.0, 0.0, 0.0, 1.0 ], [ 0.309017, -0.5, 0.809017, 0.0, -0.5, -0.809017, -0.309017, 0.0, 0.809017, -0.309017, -0.5, 0.0, 0.0, 0.0, 0.0, 1.0 ], [ -0.809017, 0.309017, 0.5, 0.0, 0.309017, -0.5, 0.809017, 0.0, 0.5, 0.809017, 0.309017, 0.0, 0.0, 0.0, 0.0, 1.0 ], [ -0.5, -0.809017, 0.309017, 0.0, -0.809017, 0.309017, -0.5, 0.0, 0.309017, -0.5, -0.809017, 0.0, 0.0, 0.0, 0.0, 1.0 ], [ -0.309017, 0.5, 0.809017, 0.0, -0.5, -0.809017, 0.309017, 0.0, 0.809017, -0.309017, 0.5, 0.0, 0.0, 0.0, 0.0, 1.0 ], [ -0.809017, 0.309017, -0.5, 0.0, -0.309017, 0.5, 0.809017, 0.0, 0.5, 0.809017, -0.309017, 0.0, 0.0, 0.0, 0.0, 1.0 ], [ -0.809017, -0.309017, 0.5, 0.0, -0.309017, -0.5, -0.809017, 0.0, 0.5, -0.809017, 0.309017, 0.0, 0.0, 0.0, 0.0, 1.0 ], [ -0.5, 0.809017, -0.309017, 0.0, -0.809017, -0.309017, 0.5, 0.0, 0.309017, 0.5, 0.809017, 0.0, 0.0, 0.0, 0.0, 1.0 ], [ -0.309017, -0.5, -0.809017, 0.0, -0.5, 0.809017, -0.309017, 0.0, 0.809017, 0.309017, -0.5, 0.0, 0.0, 0.0, 0.0, 1.0 ], [ -1.0, 0.0, 0.0, 0.0, 0.0, 1.0, 0.0, 0.0, 0.0, 0.0, -1.0, 0.0, 0.0, 0.0, 0.0, 1.0 ], [ 0.0, 0.0, -1.0, 0.0, 1.0, 0.0, 0.0, 0.0, 0.0, -1.0, 0.0, 0.0, 0.0, 0.0, 0.0, 1.0 ], [ 0.0, -1.0, 0.0, 0.0, 0.0, 0.0, 1.0, 0.0, -1.0, 0.0, 0.0, 0.0, 0.0, 0.0, 0.0, 1.0 ], [ -0.809017, -0.309017, -0.5, 0.0, 0.309017, 0.5, -0.809017, 0.0, 0.5, -0.809017, -0.309017, 0.0, 0.0, 0.0, 0.0, 1.0 ], [ 0.5, -0.809017, -0.309017, 0.0, 0.809017, 0.309017, 0.5, 0.0, -0.309017, -0.5, 0.809017, 0.0, 0.0, 0.0, 0.0, 1.0 ], [ -0.309017, -0.5, 0.809017, 0.0, -0.5, 0.809017, 0.309017, 0.0, -0.809017, -0.309017, -0.5, 0.0, 0.0, 0.0, 0.0, 1.0 ], [ -0.5, -0.809017, -0.309017, 0.0, 0.809017, -0.309017, -0.5, 0.0, 0.309017, -0.5, 0.809017, 0.0, 0.0, 0.0, 0.0, 1.0 ], [ 0.309017, -0.5, 0.809017, 0.0, 0.5, 0.809017, 0.309017, 0.0, -0.809017, 0.309017, 0.5, 0.0, 0.0, 0.0, 0.0, 1.0 ], [ -0.809017, 0.309017, 0.5, 0.0, -0.309017, 0.5, -0.809017, 0.0, -0.5, -0.809017, -0.309017, 0.0, 0.0, 0.0, 0.0, 1.0 ], [ -0.5, -0.809017, 0.309017, 0.0, 0.809017, -0.309017, 0.5, 0.0, -0.309017, 0.5, 0.809017, 0.0, 0.0, 0.0, 0.0, 1.0 ], [ -0.309017, 0.5, 0.809017, 0.0, 0.5, 0.809017, -0.309017, 0.0, -0.809017, 0.309017, -0.5, 0.0, 0.0, 0.0, 0.0, 1.0 ], [ -0.809017, 0.309017, -0.5, 0.0, 0.309017, -0.5, -0.809017, 0.0, -0.5, -0.809017, 0.309017, 0.0, 0.0, 0.0, 0.0, 1.0 ], [ -0.809017, -0.309017, 0.5, 0.0, 0.309017, 0.5, 0.809017, 0.0, -0.5, 0.809017, -0.309017, 0.0, 0.0, 0.0, 0.0, 1.0 ], [ -0.5, 0.809017, -0.309017, 0.0, 0.809017, 0.309017, -0.5, 0.0, -0.309017, -0.5, -0.809017, 0.0, 0.0, 0.0, 0.0, 1.0 ], [ -0.309017, -0.5, -0.809017, 0.0, 0.5, -0.809017, 0.309017, 0.0, -0.809017, -0.309017, 0.5, 0.0, 0.0, 0.0, 0.0, 1.0 ] ],
  "lights" : {
    "ambientColor" : "#292929",
    "backgroundColor" : "#AFC8DC",
    "directionalLights" : [ {
      "direction" : {
        "x" : 1.0,
        "y" : -1.0,
        "z" : -1.0
      },
      "color" : "#EBEBE4"
    }, {
      "direction" : {
        "x" : -1.0,
        "y" : 0.0,
        "z" : 0.0
      },
      "color" : "#E4E4EB"
    }, {
      "direction" : {
        "x" : 0.0,
        "y" : 0.0,
        "z" : -1.0
      },
      "color" : "#1E1E1E"
    } ]
  },
  "camera" : {
    "lookDirection" : {
      "x" : -0.58577406,
      "y" : -0.2971167,
      "z" : 0.7540516
    },
    "upDirection" : {
      "x" : 0.80933297,
      "y" : -0.16506812,
      "z" : 0.56367666
    },
    "lookAtPoint" : {
      "x" : 0.0,
      "y" : 0.0,
      "z" : 0.0
    },
    "viewDistance" : 905.8551,
    "nearClipDistance" : 2.264637,
    "farClipDistance" : 1811.7128,
    "fieldOfView" : 0.44262895,
    "perspective" : true,
    "stereo" : false,
    "width" : 407.63486,
    "position" : {
      "x" : 530.6264,
      "y" : 269.14468,
      "z" : -683.0615
    }
  },
  "embedding" : [ 1.0, 0.0, 0.0, 0.0, 0.0, 1.0, 0.0, 0.0, 0.0, 0.0, 1.0, 0.0, 0.0, 0.0, 0.0, 1.0 ],
  "shapes" : [ {
    "id" : "24461adf-3f5e-41f1-a14a-88121e4ce528",
    "vertices" : [ {
      "x" : 2.618034,
      "y" : 1.736068,
      "z" : 0.309017
    }, {
      "x" : 4.236068,
      "y" : 2.5,
      "z" : 0.309017
    }, {
      "x" : 4.045085,
      "y" : 2.809017,
      "z" : 0.19098301
    }, {
      "x" : 0.809017,
      "y" : 0.618034,
      "z" : -0.309017
    }, {
      "x" : 0.690983,
      "y" : 0.809017,
      "z" : 0.0
    }, {
      "x" : 2.5,
      "y" : 1.927051,
      "z" : 0.0
    }, {
      "x" : 2.618034,
      "y" : 1.736068,
      "z" : -0.309017
    }, {
      "x" : 6.045085,
      "y" : 3.618034,
      "z" : 0.309017
    }, {
      "x" : 2.809017,
      "y" : 1.427051,
      "z" : 0.19098301
    }, {
      "x" : 2.809017,
      "y" : 1.427051,
      "z" : -0.19098301
    }, {
      "x" : 4.354102,
      "y" : 2.309017,
      "z" : 0.0
    }, {
      "x" : 4.236068,
      "y" : 2.5,
      "z" : -0.309017
    }, {
      "x" : 6.163119,
      "y" : 3.427051,
      "z" : 0.0
    }, {
      "x" : 1.0,
      "y" : 0.309017,
      "z" : 0.19098301
    }, {
      "x" : 1.0,
      "y" : 0.309017,
      "z" : -0.19098301
    }, {
      "x" : 0.809017,
      "y" : 0.618034,
      "z" : 0.309017
    }, {
      "x" : 5.854102,
      "y" : 3.927051,
      "z" : 0.19098301
    }, {
      "x" : 6.045085,
      "y" : 3.618034,
      "z" : -0.309017
    }, {
      "x" : 5.854102,
      "y" : 3.927051,
      "z" : -0.19098301
    }, {
      "x" : 6.854102,
      "y" : 4.236068,
      "z" : 0.0
    }, {
      "x" : 4.045085,
      "y" : 2.809017,
      "z" : -0.19098301
    } ],
    "faces" : [ {
      "vertices" : [ 3, 6, 9 ]
    }, {
      "vertices" : [ 3, 9, 14 ]
    }, {
      "vertices" : [ 11, 20, 18 ]
    }, {
      "vertices" : [ 11, 18, 17 ]
    }, {
      "vertices" : [ 0, 1, 2 ]
    }, {
      "vertices" : [ 0, 15, 13 ]
    }, {
      "vertices" : [ 0, 13, 8 ]
    }, {
      "vertices" : [ 6, 20, 11 ]
    }, {
      "vertices" : [ 0, 2, 5 ]
    }, {
      "vertices" : [ 0, 8, 1 ]
    }, {
      "vertices" : [ 8, 13, 14 ]
    }, {
      "vertices" : [ 8, 14, 9 ]
    }, {
      "vertices" : [ 3, 4, 5 ]
    }, {
      "vertices" : [ 3, 5, 6 ]
    }, {
      "vertices" : [ 10, 11, 17 ]
    }, {
      "vertices" : [ 10, 17, 12 ]
    }, {
      "vertices" : [ 1, 8, 10 ]
    }, {
      "vertices" : [ 0, 5, 4 ]
    }, {
      "vertices" : [ 0, 4, 15 ]
    }, {
      "vertices" : [ 2, 16, 18 ]
    }, {
      "vertices" : [ 2, 18, 20 ]
    }, {
      "vertices" : [ 1, 7, 16 ]
    }, {
      "vertices" : [ 1, 16, 2 ]
    }, {
      "vertices" : [ 6, 11, 9 ]
    }, {
      "vertices" : [ 8, 9, 10 ]
    }, {
      "vertices" : [ 2, 20, 5 ]
    }, {
      "vertices" : [ 9, 11, 10 ]
    }, {
      "vertices" : [ 1, 10, 12 ]
    }, {
      "vertices" : [ 1, 12, 7 ]
    }, {
      "vertices" : [ 5, 20, 6 ]
    } ]
  }, {
    "id" : "78b2242a-8500-46fd-9dd9-5980c0da47f8",
    "vertices" : [ {
      "x" : 7.472136,
      "y" : 0.309017,
      "z" : 0.19098301
    }, {
      "x" : 7.472136,
      "y" : 0.309017,
      "z" : -0.19098301
    }, {
      "x" : 1.0,
      "y" : 0.309017,
      "z" : -0.19098301
    }, {
      "x" : 1.0,
      "y" : 0.309017,
      "z" : 0.19098301
    }, {
      "x" : 7.472136,
      "y" : -0.309017,
      "z" : 0.19098301
    }, {
      "x" : 1.0,
      "y" : -0.309017,
      "z" : 0.19098301
    }, {
      "x" : 1.0,
      "y" : -0.309017,
      "z" : -0.19098301
    }, {
      "x" : 7.472136,
      "y" : -0.309017,
      "z" : -0.19098301
    }, {
      "x" : 8.472136,
      "y" : 0.0,
      "z" : 0.0
    } ],
    "faces" : [ {
      "vertices" : [ 1, 7, 6 ]
    }, {
      "vertices" : [ 1, 6, 2 ]
    }, {
      "vertices" : [ 0, 1, 2 ]
    }, {
      "vertices" : [ 0, 2, 3 ]
    }, {
      "vertices" : [ 4, 5, 6 ]
    }, {
      "vertices" : [ 4, 6, 7 ]
    }, {
      "vertices" : [ 0, 3, 5 ]
    }, {
      "vertices" : [ 0, 5, 4 ]
    } ]
  }, {
    "id" : "b6e6f7c0-da66-4746-9784-5a4120b7163f",
    "vertices" : [ {
      "x" : 0.309017,
      "y" : -0.809017,
      "z" : 0.618034
    }, {
      "x" : 0.809017,
      "y" : -0.618034,
      "z" : 0.309017
    }, {
      "x" : 0.618034,
      "y" : -0.309017,
      "z" : 0.809017
    }, {
      "x" : 1.0,
      "y" : 0.309017,
      "z" : 0.19098301
    }, {
      "x" : 0.809017,
      "y" : 0.618034,
      "z" : 0.309017
    }, {
      "x" : 0.618034,
      "y" : 0.309017,
      "z" : 0.809017
    }, {
      "x" : 0.809017,
      "y" : 0.0,
      "z" : 0.690983
    }, {
      "x" : 0.19098301,
      "y" : -1.0,
      "z" : 0.309017
    }, {
      "x" : -0.19098301,
      "y" : -1.0,
      "z" : 0.309017
    }, {
      "x" : -0.19098301,
      "y" : -1.0,
      "z" : -0.309017
    }, {
      "x" : 0.19098301,
      "y" : -1.0,
      "z" : -0.309017
    }, {
      "x" : 1.0,
      "y" : -0.309017,
      "z" : -0.19098301
    }, {
      "x" : 0.809017,
      "y" : -0.618034,
      "z" : -0.309017
    }, {
      "x" : 0.618034,
      "y" : -0.309017,
      "z" : -0.809017
    }, {
      "x" : 0.809017,
      "y" : 0.0,
      "z" : -0.690983
    }, {
      "x" : 0.0,
      "y" : 0.690983,
      "z" : -0.809017
    }, {
      "x" : 0.309017,
      "y" : 0.809017,
      "z" : -0.618034
    }, {
      "x" : 0.618034,
      "y" : 0.309017,
      "z" : -0.809017
    }, {
      "x" : 0.309017,
      "y" : 0.19098301,
      "z" : -1.0
    }, {
      "x" : 1.0,
      "y" : 0.309017,
      "z" : -0.19098301
    }, {
      "x" : -0.309017,
      "y" : -0.809017,
      "z" : 0.618034
    }, {
      "x" : 0.0,
      "y" : -0.690983,
      "z" : 0.809017
    }, {
      "x" : 0.809017,
      "y" : 0.618034,
      "z" : -0.309017
    }, {
      "x" : 0.690983,
      "y" : 0.809017,
      "z" : 0.0
    }, {
      "x" : -0.690983,
      "y" : 0.809017,
      "z" : 0.0
    }, {
      "x" : -0.809017,
      "y" : 0.618034,
      "z" : 0.309017
    }, {
      "x" : -0.309017,
      "y" : 0.809017,
      "z" : 0.618034
    }, {
      "x" : -0.19098301,
      "y" : 1.0,
      "z" : 0.309017
    }, {
      "x" : 0.309017,
      "y" : -0.19098301,
      "z" : -1.0
    }, {
      "x" : 0.19098301,
      "y" : 1.0,
      "z" : 0.309017
    }, {
      "x" : 0.309017,
      "y" : 0.809017,
      "z" : 0.618034
    }, {
      "x" : -0.809017,
      "y" : -0.618034,
      "z" : 0.309017
    }, {
      "x" : -0.690983,
      "y" : -0.809017,
      "z" : 0.0
    }, {
      "x" : 0.0,
      "y" : 0.690983,
      "z" : 0.809017
    }, {
      "x" : 0.309017,
      "y" : -0.809017,
      "z" : -0.618034
    }, {
      "x" : 0.0,
      "y" : -0.690983,
      "z" : -0.809017
    }, {
      "x" : -1.0,
      "y" : 0.309017,
      "z" : 0.19098301
    }, {
      "x" : -0.809017,
      "y" : 0.0,
      "z" : 0.690983
    }, {
      "x" : -0.618034,
      "y" : 0.309017,
      "z" : 0.809017
    }, {
      "x" : 1.0,
      "y" : -0.309017,
      "z" : 0.19098301
    }, {
      "x" : -0.309017,
      "y" : -0.809017,
      "z" : -0.618034
    }, {
      "x" : -1.0,
      "y" : 0.309017,
      "z" : -0.19098301
    }, {
      "x" : -1.0,
      "y" : -0.309017,
      "z" : -0.19098301
    }, {
      "x" : -1.0,
      "y" : -0.309017,
      "z" : 0.19098301
    }, {
      "x" : 0.19098301,
      "y" : 1.0,
      "z" : -0.309017
    }, {
      "x" : -0.809017,
      "y" : 0.618034,
      "z" : -0.309017
    }, {
      "x" : -0.19098301,
      "y" : 1.0,
      "z" : -0.309017
    }, {
      "x" : -0.309017,
      "y" : 0.809017,
      "z" : -0.618034
    }, {
      "x" : -0.618034,
      "y" : -0.309017,
      "z" : 0.809017
    }, {
      "x" : 0.309017,
      "y" : 0.19098301,
      "z" : 1.0
    }, {
      "x" : -0.309017,
      "y" : 0.19098301,
      "z" : -1.0
    }, {
      "x" : -0.309017,
      "y" : 0.19098301,
      "z" : 1.0
    }, {
      "x" : -0.309017,
      "y" : -0.19098301,
      "z" : 1.0
    }, {
      "x" : 0.309017,
      "y" : -0.19098301,
      "z" : 1.0
    }, {
      "x" : 0.690983,
      "y" : -0.809017,
      "z" : 0.0
    }, {
      "x" : -0.809017,
      "y" : 0.0,
      "z" : -0.690983
    }, {
      "x" : -0.618034,
      "y" : -0.309017,
      "z" : -0.809017
    }, {
      "x" : -0.309017,
      "y" : -0.19098301,
      "z" : -1.0
    }, {
      "x" : -0.618034,
      "y" : 0.309017,
      "z" : -0.809017
    }, {
      "x" : -0.809017,
      "y" : -0.618034,
      "z" : -0.309017
    } ],
    "faces" : [ {
      "vertices" : [ 9, 40, 35 ]
    }, {
      "vertices" : [ 9, 35, 34 ]
    }, {
      "vertices" : [ 9, 34, 10 ]
    }, {
      "vertices" : [ 0, 1, 2 ]
    }, {
      "vertices" : [ 33, 51, 49 ]
    }, {
      "vertices" : [ 25, 36, 37 ]
    }, {
      "vertices" : [ 25, 37, 38 ]
    }, {
      "vertices" : [ 41, 55, 42 ]
    }, {
      "vertices" : [ 9, 32, 59 ]
    }, {
      "vertices" : [ 9, 59, 40 ]
    }, {
      "vertices" : [ 20, 21, 52 ]
    }, {
      "vertices" : [ 20, 52, 48 ]
    }, {
      "vertices" : [ 26, 33, 30 ]
    }, {
      "vertices" : [ 26, 30, 29 ]
    }, {
      "vertices" : [ 26, 29, 27 ]
    }, {
      "vertices" : [ 3, 4, 5 ]
    }, {
      "vertices" : [ 3, 5, 6 ]
    }, {
      "vertices" : [ 27, 29, 44 ]
    }, {
      "vertices" : [ 27, 44, 46 ]
    }, {
      "vertices" : [ 50, 57, 56 ]
    }, {
      "vertices" : [ 50, 56, 55 ]
    }, {
      "vertices" : [ 50, 55, 58 ]
    }, {
      "vertices" : [ 26, 38, 51 ]
    }, {
      "vertices" : [ 26, 51, 33 ]
    }, {
      "vertices" : [ 45, 47, 58 ]
    }, {
      "vertices" : [ 18, 28, 57 ]
    }, {
      "vertices" : [ 18, 57, 50 ]
    }, {
      "vertices" : [ 40, 59, 56 ]
    }, {
      "vertices" : [ 31, 48, 37 ]
    }, {
      "vertices" : [ 31, 37, 43 ]
    }, {
      "vertices" : [ 7, 8, 9 ]
    }, {
      "vertices" : [ 7, 9, 10 ]
    }, {
      "vertices" : [ 36, 41, 42 ]
    }, {
      "vertices" : [ 36, 42, 43 ]
    }, {
      "vertices" : [ 24, 46, 47 ]
    }, {
      "vertices" : [ 24, 47, 45 ]
    }, {
      "vertices" : [ 4, 30, 5 ]
    }, {
      "vertices" : [ 15, 47, 46 ]
    }, {
      "vertices" : [ 15, 46, 44 ]
    }, {
      "vertices" : [ 15, 44, 16 ]
    }, {
      "vertices" : [ 15, 50, 58 ]
    }, {
      "vertices" : [ 15, 58, 47 ]
    }, {
      "vertices" : [ 24, 45, 41 ]
    }, {
      "vertices" : [ 24, 41, 36 ]
    }, {
      "vertices" : [ 24, 36, 25 ]
    }, {
      "vertices" : [ 11, 14, 19 ]
    }, {
      "vertices" : [ 3, 6, 39 ]
    }, {
      "vertices" : [ 1, 39, 6 ]
    }, {
      "vertices" : [ 1, 6, 2 ]
    }, {
      "vertices" : [ 8, 32, 9 ]
    }, {
      "vertices" : [ 11, 12, 13 ]
    }, {
      "vertices" : [ 11, 13, 14 ]
    }, {
      "vertices" : [ 16, 22, 17 ]
    }, {
      "vertices" : [ 0, 21, 20 ]
    }, {
      "vertices" : [ 0, 20, 8 ]
    }, {
      "vertices" : [ 0, 8, 7 ]
    }, {
      "vertices" : [ 12, 34, 13 ]
    }, {
      "vertices" : [ 35, 40, 56 ]
    }, {
      "vertices" : [ 35, 56, 57 ]
    }, {
      "vertices" : [ 0, 7, 54 ]
    }, {
      "vertices" : [ 0, 54, 1 ]
    }, {
      "vertices" : [ 15, 16, 17 ]
    }, {
      "vertices" : [ 15, 17, 18 ]
    }, {
      "vertices" : [ 3, 19, 22 ]
    }, {
      "vertices" : [ 3, 22, 23 ]
    }, {
      "vertices" : [ 3, 23, 4 ]
    }, {
      "vertices" : [ 7, 10, 54 ]
    }, {
      "vertices" : [ 41, 45, 58 ]
    }, {
      "vertices" : [ 41, 58, 55 ]
    }, {
      "vertices" : [ 3, 39, 11 ]
    }, {
      "vertices" : [ 3, 11, 19 ]
    }, {
      "vertices" : [ 14, 17, 22 ]
    }, {
      "vertices" : [ 14, 22, 19 ]
    }, {
      "vertices" : [ 0, 2, 53 ]
    }, {
      "vertices" : [ 0, 53, 21 ]
    }, {
      "vertices" : [ 49, 51, 52 ]
    }, {
      "vertices" : [ 49, 52, 53 ]
    }, {
      "vertices" : [ 31, 43, 42 ]
    }, {
      "vertices" : [ 31, 42, 59 ]
    }, {
      "vertices" : [ 31, 59, 32 ]
    }, {
      "vertices" : [ 15, 18, 50 ]
    }, {
      "vertices" : [ 42, 55, 56 ]
    }, {
      "vertices" : [ 42, 56, 59 ]
    }, {
      "vertices" : [ 4, 23, 29 ]
    }, {
      "vertices" : [ 4, 29, 30 ]
    }, {
      "vertices" : [ 25, 38, 26 ]
    }, {
      "vertices" : [ 13, 28, 18 ]
    }, {
      "vertices" : [ 13, 18, 17 ]
    }, {
      "vertices" : [ 13, 17, 14 ]
    }, {
      "vertices" : [ 8, 20, 31 ]
    }, {
      "vertices" : [ 8, 31, 32 ]
    }, {
      "vertices" : [ 23, 44, 29 ]
    }, {
      "vertices" : [ 24, 27, 46 ]
    }, {
      "vertices" : [ 37, 48, 52 ]
    }, {
      "vertices" : [ 37, 52, 51 ]
    }, {
      "vertices" : [ 37, 51, 38 ]
    }, {
      "vertices" : [ 20, 48, 31 ]
    }, {
      "vertices" : [ 24, 25, 26 ]
    }, {
      "vertices" : [ 24, 26, 27 ]
    }, {
      "vertices" : [ 16, 44, 23 ]
    }, {
      "vertices" : [ 16, 23, 22 ]
    }, {
      "vertices" : [ 13, 34, 35 ]
    }, {
      "vertices" : [ 13, 35, 28 ]
    }, {
      "vertices" : [ 10, 34, 12 ]
    }, {
      "vertices" : [ 10, 12, 54 ]
    }, {
      "vertices" : [ 2, 6, 5 ]
    }, {
      "vertices" : [ 2, 5, 49 ]
    }, {
      "vertices" : [ 2, 49, 53 ]
    }, {
      "vertices" : [ 36, 43, 37 ]
    }, {
      "vertices" : [ 5, 30, 33 ]
    }, {
      "vertices" : [ 5, 33, 49 ]
    }, {
      "vertices" : [ 1, 54, 12 ]
    }, {
      "vertices" : [ 1, 12, 11 ]
    }, {
      "vertices" : [ 1, 11, 39 ]
    }, {
      "vertices" : [ 28, 35, 57 ]
    }, {
      "vertices" : [ 21, 53, 52 ]
    } ]
  } ],
  "instances" : [ {
    "shape" : "24461adf-3f5e-41f1-a14a-88121e4ce528",
    "color" : "#AF0000",
    "position" : {
      "x" : 18.944271,
      "y" : -17.326239,
      "z" : 34.888542
    },
    "orientation" : 46
  }, {
    "shape" : "78b2242a-8500-46fd-9dd9-5980c0da47f8",
    "color" : "#007695",
    "position" : {
      "x" : 8.854102,
      "y" : 14.326238,
      "z" : 45.36068
    },
    "orientation" : 51
  }, {
    "shape" : "78b2242a-8500-46fd-9dd9-5980c0da47f8",
    "color" : "#007695",
    "position" : {
      "x" : 27.416409,
      "y" : 37.506577,
      "z" : -12.708204
    },
    "orientation" : 10
  }, {
    "shape" : "78b2242a-8500-46fd-9dd9-5980c0da47f8",
    "color" : "#007695",
    "position" : {
      "x" : -41.12461,
      "y" : 2.0,
      "z" : -16.944271
    },
    "orientation" : 8
  }, {
    "shape" : "24461adf-3f5e-41f1-a14a-88121e4ce528",
    "color" : "#AF0000",
    "position" : {
      "x" : -30.652475,
      "y" : 12.09017,
      "z" : 14.708204
    },
    "orientation" : 46
  }, {
    "shape" : "78b2242a-8500-46fd-9dd9-5980c0da47f8",
    "color" : "#007695",
    "position" : {
      "x" : 15.326238,
      "y" : 24.798374,
      "z" : -26.416409
    },
    "orientation" : 51
  }, {
    "shape" : "b6e6f7c0-da66-4746-9784-5a4120b7163f",
    "color" : "#FFFFFF",
    "position" : {
      "x" : -37.888542,
      "y" : -20.18034,
      "z" : -35.888542
    }
  }, {
    "shape" : "24461adf-3f5e-41f1-a14a-88121e4ce528",
    "color" : "#AF0000",
    "position" : {
      "x" : -35.27051,
      "y" : -9.09017,
      "z" : -33.27051
    },
    "orientation" : 17
  }, {
    "shape" : "24461adf-3f5e-41f1-a14a-88121e4ce528",
    "color" : "#AF0000",
    "position" : {
      "x" : 23.18034,
      "y" : 30.652475,
      "z" : -1.618034
    },
    "orientation" : 17
  }, {
    "shape" : "78b2242a-8500-46fd-9dd9-5980c0da47f8",
    "color" : "#007695",
    "position" : {
      "x" : 0.38196602,
      "y" : 21.18034,
      "z" : 54.832817
    },
    "orientation" : 51
  }, {
    "shape" : "24461adf-3f5e-41f1-a14a-88121e4ce528",
    "color" : "#AF0000",
    "position" : {
      "x" : -3.618034,
      "y" : 14.708204,
      "z" : -44.36068
    },
    "orientation" : 0
  }, {
    "shape" : "b6e6f7c0-da66-4746-9784-5a4120b7163f",
    "color" : "#FFFFFF",
    "position" : {
      "x" : 13.708204,
      "y" : 29.034441,
      "z" : -12.708204
    }
  }, {
    "shape" : "78b2242a-8500-46fd-9dd9-5980c0da47f8",
    "color" : "#007695",
    "position" : {
      "x" : 37.506577,
      "y" : 5.854102,
      "z" : -23.18034
    },
    "orientation" : 51
  }, {
    "shape" : "24461adf-3f5e-41f1-a14a-88121e4ce528",
    "color" : "#AF0000",
    "position" : {
      "x" : 34.27051,
      "y" : -33.652477,
      "z" : 33.888542
    },
    "orientation" : 17
  }, {
    "shape" : "24461adf-3f5e-41f1-a14a-88121e4ce528",
    "color" : "#AF0000",
    "position" : {
      "x" : -8.09017,
      "y" : 34.888542,
      "z" : 60.068882
    },
    "orientation" : 17
  }, {
    "shape" : "78b2242a-8500-46fd-9dd9-5980c0da47f8",
    "color" : "#007695",
    "position" : {
      "x" : -51.59675,
      "y" : -21.798374,
      "z" : -40.12461
    },
    "orientation" : 51
  }, {
    "shape" : "b6e6f7c0-da66-4746-9784-5a4120b7163f",
    "color" : "#FFFFFF",
    "position" : {
      "x" : -6.472136,
      "y" : 23.798374,
      "z" : 50.59675
    }
  }, {
    "shape" : "b6e6f7c0-da66-4746-9784-5a4120b7163f",
    "color" : "#FFFFFF",
    "position" : {
      "x" : -42.742645,
      "y" : 6.236068,
      "z" : -3.236068
    }
  }, {
    "shape" : "24461adf-3f5e-41f1-a14a-88121e4ce528",
    "color" : "#AF0000",
    "position" : {
      "x" : -10.472136,
      "y" : -16.944271,
      "z" : -27.416409
    },
    "orientation" : 0
  }, {
    "shape" : "b6e6f7c0-da66-4746-9784-5a4120b7163f",
    "color" : "#FFFFFF",
    "position" : {
      "x" : -12.326238,
      "y" : 48.59675,
      "z" : 58.45085
    }
  }, {
    "shape" : "b6e6f7c0-da66-4746-9784-5a4120b7163f",
    "color" : "#FFFFFF",
    "position" : {
      "x" : 44.36068,
      "y" : 37.506577,
      "z" : -40.12461
    }
  }, {
    "shape" : "b6e6f7c0-da66-4746-9784-5a4120b7163f",
    "color" : "#FFFFFF",
    "position" : {
      "x" : -38.506577,
      "y" : -0.618034,
      "z" : -5.854102
    }
  }, {
    "shape" : "78b2242a-8500-46fd-9dd9-5980c0da47f8",
    "color" : "#007695",
    "position" : {
      "x" : 27.416409,
      "y" : -31.034441,
      "z" : 29.652475
    },
    "orientation" : 51
  }, {
    "shape" : "24461adf-3f5e-41f1-a14a-88121e4ce528",
    "color" : "#AF0000",
    "position" : {
      "x" : -32.27051,
      "y" : 23.18034,
      "z" : 24.18034
    },
    "orientation" : 17
  }, {
    "shape" : "24461adf-3f5e-41f1-a14a-88121e4ce528",
    "color" : "#AF0000",
    "position" : {
      "x" : 3.236068,
      "y" : 18.944271,
      "z" : -44.36068
    },
    "orientation" : 0
  }, {
    "shape" : "78b2242a-8500-46fd-9dd9-5980c0da47f8",
    "color" : "#007695",
    "position" : {
      "x" : -1.0,
      "y" : 18.944271,
      "z" : -37.506577
    },
    "orientation" : 10
  }, {
    "shape" : "b6e6f7c0-da66-4746-9784-5a4120b7163f",
    "color" : "#FFFFFF",
    "position" : {
      "x" : 0.38196602,
      "y" : 48.59675,
      "z" : 37.888542
    }
  }, {
    "shape" : "78b2242a-8500-46fd-9dd9-5980c0da47f8",
    "color" : "#007695",
    "position" : {
      "x" : -10.708204,
      "y" : 30.652475,
      "z" : 53.214783
    },
    "orientation" : 8
  }, {
    "shape" : "78b2242a-8500-46fd-9dd9-5980c0da47f8",
    "color" : "#007695",
    "position" : {
      "x" : 2.0,
      "y" : 16.944271,
      "z" : 41.12461
    },
    "orientation" : 10
  }, {
    "shape" : "24461adf-3f5e-41f1-a14a-88121e4ce528",
    "color" : "#AF0000",
    "position" : {
      "x" : -51.59675,
      "y" : -14.944272,
      "z" : -44.36068
    },
    "orientation" : 0
  }, {
    "shape" : "78b2242a-8500-46fd-9dd9-5980c0da47f8",
    "color" : "#007695",
    "position" : {
      "x" : 23.18034,
      "y" : -24.18034,
      "z" : 32.27051
    },
    "orientation" : 10
  }, {
    "shape" : "78b2242a-8500-46fd-9dd9-5980c0da47f8",
    "color" : "#007695",
    "position" : {
      "x" : -17.326239,
      "y" : -7.472136,
      "z" : -35.888542
    },
    "orientation" : 51
  }, {
    "shape" : "78b2242a-8500-46fd-9dd9-5980c0da47f8",
    "color" : "#007695",
    "position" : {
      "x" : -37.506577,
      "y" : 14.708204,
      "z" : 10.472136
    },
    "orientation" : 10
  }, {
    "shape" : "24461adf-3f5e-41f1-a14a-88121e4ce528",
    "color" : "#AF0000",
    "position" : {
      "x" : 35.888542,
      "y" : -17.326239,
      "z" : 7.472136
    },
    "orientation" : 0
  }, {
    "shape" : "24461adf-3f5e-41f1-a14a-88121e4ce528",
    "color" : "#AF0000",
    "position" : {
      "x" : 19.562305,
      "y" : -30.034441,
      "z" : 0.618034
    },
    "orientation" : 17
  }, {
    "shape" : "78b2242a-8500-46fd-9dd9-5980c0da47f8",
    "color" : "#007695",
    "position" : {
      "x" : 44.36068,
      "y" : -37.888542,
      "z" : 6.472136
    },
    "orientation" : 8
  }, {
    "shape" : "24461adf-3f5e-41f1-a14a-88121e4ce528",
    "color" : "#AF0000",
    "position" : {
      "x" : -7.854102,
      "y" : 7.854102,
      "z" : -33.27051
    },
    "orientation" : 17
  }, {
    "shape" : "78b2242a-8500-46fd-9dd9-5980c0da47f8",
    "color" : "#007695",
    "position" : {
      "x" : 40.12461,
      "y" : 16.944271,
      "z" : -20.562305
    },
    "orientation" : 8
  }, {
    "shape" : "78b2242a-8500-46fd-9dd9-5980c0da47f8",
    "color" : "#007695",
    "position" : {
      "x" : 29.034441,
      "y" : 12.708204,
      "z" : -13.708204
    },
    "orientation" : 10
  }, {
    "shape" : "78b2242a-8500-46fd-9dd9-5980c0da47f8",
    "color" : "#007695",
    "position" : {
      "x" : 20.562305,
      "y" : 26.416409,
      "z" : -8.472136
    },
    "orientation" : 51
  }, {
    "shape" : "24461adf-3f5e-41f1-a14a-88121e4ce528",
    "color" : "#AF0000",
    "position" : {
      "x" : 3.618034,
      "y" : 33.27051,
      "z" : 14.708204
    },
    "orientation" : 46
  }, {
    "shape" : "24461adf-3f5e-41f1-a14a-88121e4ce528",
    "color" : "#AF0000",
    "position" : {
      "x" : 30.034441,
      "y" : 28.034441,
      "z" : 2.618034
    },
    "orientation" : 17
  }, {
    "shape" : "24461adf-3f5e-41f1-a14a-88121e4ce528",
    "color" : "#AF0000",
    "position" : {
      "x" : -25.798374,
      "y" : 6.236068,
      "z" : -30.652475
    },
    "orientation" : 17
  }, {
    "shape" : "b6e6f7c0-da66-4746-9784-5a4120b7163f",
    "color" : "#FFFFFF",
    "position" : {
      "x" : 37.506577,
      "y" : 12.708204,
      "z" : -27.416409
    }
  }, {
    "shape" : "24461adf-3f5e-41f1-a14a-88121e4ce528",
    "color" : "#AF0000",
    "position" : {
      "x" : -21.562305,
      "y" : -0.618034,
      "z" : -33.27051
    },
    "orientation" : 46
  }, {
    "shape" : "b6e6f7c0-da66-4746-9784-5a4120b7163f",
    "color" : "#FFFFFF",
    "position" : {
      "x" : -41.12461,
      "y" : -4.854102,
      "z" : -12.708204
    }
  }, {
    "shape" : "24461adf-3f5e-41f1-a14a-88121e4ce528",
    "color" : "#AF0000",
    "position" : {
      "x" : 30.034441,
      "y" : -13.09017,
      "z" : 28.034441
    },
    "orientation" : 17
  }, {
    "shape" : "24461adf-3f5e-41f1-a14a-88121e4ce528",
    "color" : "#AF0000",
    "position" : {
      "x" : 10.472136,
      "y" : 3.236068,
      "z" : 35.888542
    },
    "orientation" : 0
  }, {
    "shape" : "78b2242a-8500-46fd-9dd9-5980c0da47f8",
    "color" : "#007695",
    "position" : {
      "x" : -31.034441,
      "y" : -2.236068,
      "z" : -44.36068
    },
    "orientation" : 8
  }, {
    "shape" : "24461adf-3f5e-41f1-a14a-88121e4ce528",
    "color" : "#AF0000",
    "position" : {
      "x" : 16.944271,
      "y" : 27.416409,
      "z" : -44.36068
    },
    "orientation" : 0
  }, {
    "shape" : "b6e6f7c0-da66-4746-9784-5a4120b7163f",
    "color" : "#FFFFFF",
    "position" : {
      "x" : -14.708204,
      "y" : -30.652475,
      "z" : -12.09017
    }
  }, {
    "shape" : "24461adf-3f5e-41f1-a14a-88121e4ce528",
    "color" : "#AF0000",
    "position" : {
      "x" : 40.12461,
      "y" : 44.36068,
      "z" : -37.506577
    },
    "orientation" : 17
  }, {
    "shape" : "24461adf-3f5e-41f1-a14a-88121e4ce528",
    "color" : "#AF0000",
    "position" : {
      "x" : 18.944271,
      "y" : -10.472136,
      "z" : 30.652475
    },
    "orientation" : 0
  }, {
    "shape" : "24461adf-3f5e-41f1-a14a-88121e4ce528",
    "color" : "#AF0000",
    "position" : {
      "x" : -0.618034,
      "y" : 40.12461,
      "z" : 17.326239
    },
    "orientation" : 17
  }, {
    "shape" : "78b2242a-8500-46fd-9dd9-5980c0da47f8",
    "color" : "#007695",
    "position" : {
      "x" : 4.236068,
      "y" : 27.416409,
      "z" : -23.798374
    },
    "orientation" : 8
  }, {
    "shape" : "24461adf-3f5e-41f1-a14a-88121e4ce528",
    "color" : "#AF0000",
    "position" : {
      "x" : 12.708204,
      "y" : -41.12461,
      "z" : 4.854102
    },
    "orientation" : 17
  }, {
    "shape" : "b6e6f7c0-da66-4746-9784-5a4120b7163f",
    "color" : "#FFFFFF",
    "position" : {
      "x" : -33.27051,
      "y" : 14.708204,
      "z" : 3.618034
    }
  }, {
    "shape" : "78b2242a-8500-46fd-9dd9-5980c0da47f8",
    "color" : "#007695",
    "position" : {
      "x" : 10.472136,
      "y" : -3.618034,
      "z" : 40.12461
    },
    "orientation" : 51
  }, {
    "shape" : "b6e6f7c0-da66-4746-9784-5a4120b7163f",
    "color" : "#FFFFFF",
    "position" : {
      "x" : -10.09017,
      "y" : 11.09017,
      "z" : 23.18034
    }
  }, {
    "shape" : "b6e6f7c0-da66-4746-9784-5a4120b7163f",
    "color" : "#FFFFFF",
    "position" : {
      "x" : -10.472136,
      "y" : -16.944271,
      "z" : -27.416409
    }
  }, {
    "shape" : "b6e6f7c0-da66-4746-9784-5a4120b7163f",
    "color" : "#FFFFFF",
    "position" : {
      "x" : -51.59675,
      "y" : -14.944272,
      "z" : -44.36068
    }
  }, {
    "shape" : "b6e6f7c0-da66-4746-9784-5a4120b7163f",
    "color" : "#FFFFFF",
    "position" : {
      "x" : -12.09017,
      "y" : -12.708204,
      "z" : -13.708204
    }
  }, {
    "shape" : "24461adf-3f5e-41f1-a14a-88121e4ce528",
    "color" : "#AF0000",
    "position" : {
      "x" : 5.854102,
      "y" : -38.506577,
      "z" : 0.618034
    },
    "orientation" : 17
  }, {
    "shape" : "b6e6f7c0-da66-4746-9784-5a4120b7163f",
    "color" : "#FFFFFF",
    "position" : {
      "x" : 3.618034,
      "y" : -1.0,
      "z" : 35.888542
    }
  }, {
    "shape" : "b6e6f7c0-da66-4746-9784-5a4120b7163f",
    "color" : "#FFFFFF",
    "position" : {
      "x" : 34.27051,
      "y" : -13.09017,
      "z" : 21.18034
    }
  }, {
    "shape" : "78b2242a-8500-46fd-9dd9-5980c0da47f8",
    "color" : "#007695",
    "position" : {
      "x" : 44.36068,
      "y" : 10.09017,
      "z" : -23.18034
    },
    "orientation" : 8
  }, {
    "shape" : "24461adf-3f5e-41f1-a14a-88121e4ce528",
    "color" : "#AF0000",
    "position" : {
      "x" : 10.09017,
      "y" : -38.506577,
      "z" : -6.236068
    },
    "orientation" : 46
  }, {
    "shape" : "78b2242a-8500-46fd-9dd9-5980c0da47f8",
    "color" : "#007695",
    "position" : {
      "x" : -6.472136,
      "y" : 23.798374,
      "z" : 50.59675
    },
    "orientation" : 8
  }, {
    "shape" : "b6e6f7c0-da66-4746-9784-5a4120b7163f",
    "color" : "#FFFFFF",
    "position" : {
      "x" : 26.416409,
      "y" : 35.888542,
      "z" : -37.506577
    }
  }, {
    "shape" : "78b2242a-8500-46fd-9dd9-5980c0da47f8",
    "color" : "#007695",
    "position" : {
      "x" : 44.36068,
      "y" : -17.326239,
      "z" : -6.236068
    },
    "orientation" : 10
  }, {
    "shape" : "78b2242a-8500-46fd-9dd9-5980c0da47f8",
    "color" : "#007695",
    "position" : {
      "x" : 27.416409,
      "y" : -24.18034,
      "z" : 25.416409
    },
    "orientation" : 10
  }, {
    "shape" : "24461adf-3f5e-41f1-a14a-88121e4ce528",
    "color" : "#AF0000",
    "position" : {
      "x" : 31.652475,
      "y" : 44.36068,
      "z" : -23.798374
    },
    "orientation" : 0
  }, {
    "shape" : "78b2242a-8500-46fd-9dd9-5980c0da47f8",
    "color" : "#007695",
    "position" : {
      "x" : -31.652475,
      "y" : -3.236068,
      "z" : -1.618034
    },
    "orientation" : 10
  }, {
    "shape" : "24461adf-3f5e-41f1-a14a-88121e4ce528",
    "color" : "#AF0000",
    "position" : {
      "x" : 3.618034,
      "y" : 40.12461,
      "z" : 10.472136
    },
    "orientation" : 0
  }, {
    "shape" : "78b2242a-8500-46fd-9dd9-5980c0da47f8",
    "color" : "#007695",
    "position" : {
      "x" : 37.506577,
      "y" : -1.0,
      "z" : -18.944271
    },
    "orientation" : 51
  }, {
    "shape" : "24461adf-3f5e-41f1-a14a-88121e4ce528",
    "color" : "#AF0000",
    "position" : {
      "x" : 19.562305,
      "y" : 31.652475,
      "z" : -37.506577
    },
    "orientation" : 17
  }, {
    "shape" : "24461adf-3f5e-41f1-a14a-88121e4ce528",
    "color" : "#AF0000",
    "position" : {
      "x" : -14.708204,
      "y" : -3.236068,
      "z" : -29.034441
    },
    "orientation" : 0
  }, {
    "shape" : "24461adf-3f5e-41f1-a14a-88121e4ce528",
    "color" : "#AF0000",
    "position" : {
      "x" : 21.562305,
      "y" : 48.59675,
      "z" : 3.618034
    },
    "orientation" : 17
  }, {
    "shape" : "b6e6f7c0-da66-4746-9784-5a4120b7163f",
    "color" : "#FFFFFF",
    "position" : {
      "x" : -30.652475,
      "y" : 12.09017,
      "z" : 14.708204
    }
  }, {
    "shape" : "b6e6f7c0-da66-4746-9784-5a4120b7163f",
    "color" : "#FFFFFF",
    "position" : {
      "x" : -16.944271,
      "y" : 20.562305,
      "z" : 14.708204
    }
  }, {
    "shape" : "24461adf-3f5e-41f1-a14a-88121e4ce528",
    "color" : "#AF0000",
    "position" : {
      "x" : -24.18034,
      "y" : 2.0,
      "z" : -44.36068
    },
    "orientation" : 0
  }, {
    "shape" : "24461adf-3f5e-41f1-a14a-88121e4ce528",
    "color" : "#AF0000",
    "position" : {
      "x" : -12.09017,
      "y" : 1.0,
      "z" : -22.18034
    },
    "orientation" : 46
  }, {
    "shape" : "78b2242a-8500-46fd-9dd9-5980c0da47f8",
    "color" : "#007695",
    "position" : {
      "x" : 37.506577,
      "y" : -55.832817,
      "z" : 14.944272
    },
    "orientation" : 10
  }, {
    "shape" : "b6e6f7c0-da66-4746-9784-5a4120b7163f",
    "color" : "#FFFFFF",
    "position" : {
      "x" : -23.798374,
      "y" : 16.326239,
      "z" : 14.708204
    }
  }, {
    "shape" : "78b2242a-8500-46fd-9dd9-5980c0da47f8",
    "color" : "#007695",
    "position" : {
      "x" : -24.18034,
      "y" : -4.854102,
      "z" : -40.12461
    },
    "orientation" : 10
  }, {
    "shape" : "b6e6f7c0-da66-4746-9784-5a4120b7163f",
    "color" : "#FFFFFF",
    "position" : {
      "x" : 46.978714,
      "y" : 48.59675,
      "z" : -37.506577
    }
  }, {
    "shape" : "78b2242a-8500-46fd-9dd9-5980c0da47f8",
    "color" : "#007695",
    "position" : {
      "x" : 35.888542,
      "y" : 44.36068,
      "z" : -30.652475
    },
    "orientation" : 8
  }, {
    "shape" : "78b2242a-8500-46fd-9dd9-5980c0da47f8",
    "color" : "#007695",
    "position" : {
      "x" : 40.12461,
      "y" : -51.59675,
      "z" : 21.798374
    },
    "orientation" : 10
  }, {
    "shape" : "b6e6f7c0-da66-4746-9784-5a4120b7163f",
    "color" : "#FFFFFF",
    "position" : {
      "x" : 38.506577,
      "y" : 48.59675,
      "z" : -23.798374
    }
  }, {
    "shape" : "78b2242a-8500-46fd-9dd9-5980c0da47f8",
    "color" : "#007695",
    "position" : {
      "x" : 40.12461,
      "y" : -24.18034,
      "z" : 4.854102
    },
    "orientation" : 10
  }, {
    "shape" : "b6e6f7c0-da66-4746-9784-5a4120b7163f",
    "color" : "#FFFFFF",
    "position" : {
      "x" : 35.888542,
      "y" : 10.09017,
      "z" : -9.472136
    }
  }, {
    "shape" : "78b2242a-8500-46fd-9dd9-5980c0da47f8",
    "color" : "#007695",
    "position" : {
      "x" : 16.944271,
      "y" : 27.416409,
      "z" : -44.36068
    },
    "orientation" : 8
  }, {
    "shape" : "78b2242a-8500-46fd-9dd9-5980c0da47f8",
    "color" : "#007695",
    "position" : {
      "x" : 23.18034,
      "y" : -10.472136,
      "z" : 23.798374
    },
    "orientation" : 8
  }, {
    "shape" : "78b2242a-8500-46fd-9dd9-5980c0da47f8",
    "color" : "#007695",
    "position" : {
      "x" : -23.798374,
      "y" : 9.472136,
      "z" : 18.944271
    },
    "orientation" : 10
  }, {
    "shape" : "78b2242a-8500-46fd-9dd9-5980c0da47f8",
    "color" : "#007695",
    "position" : {
      "x" : -29.652475,
      "y" : 27.416409,
      "z" : 31.034441
    },
    "orientation" : 8
  }, {
